41579 17310 54087 696 83997 804
19911 9484 75513 1662 99997 663
71334 8824 125951 603 158559 1445
41452 7441 5727 854 15492 562
83410 7417 102078 1488 128818 1538
48907 7186 37092 5738 52092 749
71931 6967 56015 622 74097 630
24791 6517 6006 806 14733 969
49287 5905 73171 560 93031 589
76317 5883 2078 2744 9366 630
73430 5862 36708 1257 50083 2770
36768 5689 1110 674 7999 969
28261 5156 5270 561 12266 572
83502 4669 27023 634 37285 1074
14892 4622 2505 720 8385 922
41578 4618 48019 2633 61926 1027
62945 4593 2002 1129 7759 753
49430 4430 11720 1207 19000 2285
12638 4356 12640 1057 19996 818
69370 4259 12301 658 19483 655
43248 4133 13781 21387 21076 751
77655 4001 11270 567 17967 1755
11573 3968 536 563 5299 623
82796 3939 15014 5104 22298 1063
41574 3727 30769 1090 40584 861
43352 3674 1002 750 5502 748
49433 3415 123903 774 149786 1384
2387 3413 5563 617 10560 990
41563 3223 9242 1490 14665 1479
32273 3204 17513 774 24374 759
12946 3200 694 1933 4582 1209
44981 3105 8352 715 13479 4239
41564 2896 3409 865 7418 2457
20839 2872 3902 1151 7970 630
74283 2870 1279 1997 4882 861
72224 2690 30001 1638 38461 708
9576 2677 22767 2171 29935 1124
46690 2647 9210 1521 13950 1569
25355 2623 2005 1082 5445 1557
46688 2588 10530 666 15433 1686
9571 2580 99301 1326 119861 1038
9580 2545 26015 895 33600 561
44479 2483 4305 1976 7986 704
62950 2434 2274 789 5539 624
23213 2424 3596 682 7083 577
24615 2398 65004 779 79297 1903
24624 2397 17824 9971 23790 1181
77983 2391 649 1242 3577 756
24720 2375 5700 1056 9500 1474
24554 2362 22837 783 29646 1604
12963 2345 9127 2798 13497 2427
24756 2321 6211 954 10038 830
44977 2295 18099 594 23994 1102
62948 2294 1530 2060 4499 734
72150 2244 3307 2190 6531 559
13133 2240 2601 1389 5696 1169
14898 2235 2015 982 5000 730
24575 2231 5957 1115 9633 3402
38115 2229 5912 1308 9578 1943
76009 2225 306 704 2978 833
73399 2214 6093 650 9774 1248
72153 2209 665 3083 3382 624
13529 2207 2003 615 4953 865
73989 2205 7129 3132 10982 1147
46684 2200 10057 989 14421 2053
45922 2195 503 864 3175 587
23182 2183 3440 555 6616 755
70728 2182 1195 1140 3974 636
13522 2135 1003 621 3692 625
20369 2116 3450 859 6549 685
12627 2102 2912 979 5899 1192
84127 2084 4806 649 8107 612
13039 2068 520 2500 3045 2141
20375 2062 3906 690 7022 571
705 2051 2836 596 5750 573
38433 2039 1986 1021 4736 622
41456 2036 7982 1024 11787 803
13525 1999 1226 647 3795 778
28532 1993 1734 1164 4385 594
50040 1946 3533 1153 6447 1220
12986 1945 575 1015 2965 832
48622 1937 3050 633 5868 1544
49481 1933 38096 3736 47093 1087
37180 1918 12120 1790 16516 987
13531 1895 2088 572 4687 660
36050 1890 750 1603 3106 1121
13545 1887 1546 816 4039 647
12975 1881 2352 2322 4981 1464
12677 1866 1321 1629 3750 1846
80764 1829 7512 2043 10990 892
41565 1813 8211 1179 11794 884
12871 1811 1409 836 3789 579
24812 1797 5570 1741 8668 1492
77174 1786 1641 853 4032 757
46712 1784 10518 962 14473 2023
73451 1783 1525 842 3892 1218
13363 1774 547 707 2731 1910
36063 1766 863 764 3093 1031
62944 1752 870 951 3085 974
46687 1749 11194 849 15228 1590
37175 1724 3013 602 5574 607
24821 1703 8479 819 11979 1527
75665 1702 423 10912 2500 1373
71425 1683 24582 806 30900 2556
12943 1671 1889 997 4189 797
46646 1661 701 6612 2779 2058
13085 1658 744 795 2827 687
46711 1656 9671 1137 13326 1674
46685 1653 11737 684 15754 1288
83964 1651 4299 912 7000 780
12925 1643 932 699 3030 995
75508 1642 312 1709 2299 760
19886 1638 1545 882 3745 726
62957 1627 242 1498 2199 1852
19901 1619 1728 886 3938 1699
24815 1615 9221 701 12749 1474
64213 1612 1215 701 3326 813
71529 1575 1000 1502 3030 1290
19849 1572 2419 1385 4696 1069
12955 1572 2016 1178 4222 804
36044 1570 15322 1981 19874 869
83345 1567 126 702 1992 637
9437 1560 1375 737 3453 789
67928 1557 5056 1387 7781 955
46686 1548 9488 1592 12984 2141
8939 1521 3096 1425 5432 927
19938 1511 2027 677 4163 724
64214 1510 850 1490 2777 1031
13201 1506 3807 3350 6251 974
76274 1487 2505 11292 4697 908
12949 1485 2550 853 4748 734
12463 1481 844 2279 2736 977
47757 1480 2583 667 4780 1732
74604 1473 295 7029 2080 825
45932 1465 229 765 1993 871
45909 1463 1008 744 2908 691
19907 1462 2515 4414 4679 674
19835 1459 1787 862 3819 1129
36046 1456 1247 1564 3180 859
74881 1455 222 1367 1974 1005
75008 1450 1428 16206 3386 761
84 1446 6965 579 9896 728
14939 1445 102 614 1821 754
62968 1440 1136 1073 3031 575
38143 1431 2818 924 4999 1334
64221 1393 1357 597 3236 815
20184 1392 840 941 2627 666
9566 1391 20024 1405 25195 1441
19768 1391 2008 1237 3999 586
13206 1388 2000 2439 3986 990
12663 1388 140 1327 1798 586
12841 1374 1864 1071 3810 1557
19900 1374 3538 594 5779 897
74323 1366 4073 1181 6399 2391
45908 1363 2789 628 4885 884
4234 1359 1021 983 2800 567
13197 1358 2065 2676 4028 683
36114 1358 512 1577 2200 852
50043 1348 8000 608 10998 1005
12750 1346 1200 2438 2996 1266
13799 1330 241 893 1849 653
13528 1321 1465 571 3278 769
19880 1320 2513 1255 4510 858
12698 1319 205 1237 1794 736
20179 1314 1265 633 3035 582
15468 1313 3700 653 5898 1195
13229 1309 872 3429 2566 634
12685 1305 9999 1611 13299 1849
38370 1305 338 902 1934 872
71223 1305 1802 9619 3656 2558
9418 1304 12633 2873 16397 2550
14163 1301 205 785 1772 552
15410 1295 144 847 1694 724
24543 1295 4470 1581 6783 700
20164 1293 1006 2836 2705 884
64224 1291 1357 1118 3116 578
21119 1290 5000 1493 7400 1837
45027 1290 1592 2775 3391 6028
12660 1288 112 4242 1648 1593
36065 1284 846 2108 2507 851
27603 1273 2270 863 4169 4833
12576 1273 167 2470 1695 709
20175 1272 1017 847 2693 956
76483 1263 5960 1205 8498 1711
75720 1256 353 4620 1893 580
50059 1255 1845 1421 3648 2299
27610 1255 3078 1419 5098 4140
47845 1251 1004 712 2654 1222
12868 1240 953 1142 2580 734
20124 1237 1095 954 2744 979
64211 1233 1306 1245 2988 717
28684 1232 381 703 1898 776
12972 1228 2201 2598 4035 985
19897 1226 2500 863 4384 2182
64217 1221 1329 655 3000 1129
20183 1215 1228 3885 2875 943
12556 1205 408 1857 1898 1122
33498 1205 152 2116 1597 575
20201 1201 1117 1253 2728 1006
20121 1200 1180 603 2800 1039
19832 1198 1862 1140 3600 722
13239 1197 1941 4045 3692 1800
12973 1197 3051 874 4998 3430
24605 1196 23526 1606 29085 1268
12708 1190 150 2545 1577 706
26155 1188 79 1144 1491 699
64219 1185 1274 915 2894 677
20656 1183 4200 706 6333 574
27617 1182 3068 1228 5000 2530
64215 1179 1209 2024 2810 1143
8640 1177 347 695 1794 706
20122 1174 1175 1796 2764 1117
43357 1172 3022 32212 4935 9452
48807 1163 2590 2224 4416 7486
12940 1161 1788 1162 3470 648
42004 1159 3854 4324 5898 6211
19833 1148 2036 1091 3746 713
38290 1147 3144 2573 5049 5732
14899 1147 3102 679 4999 774
12922 1145 546 962 1990 805
64222 1140 1240 670 2801 957
74 1137 166 2300 1534 692
64209 1136 1237 878 2792 886
34523 1136 118 1283 1476 659
20160 1136 1234 754 2789 841
12952 1133 1802 1241 3454 675
62960 1131 6823 1278 9358 859
38432 1125 3009 1206 4864 916
20555 1123 3737 1050 5718 630
20137 1122 1212 792 2747 1129
13231 1115 3004 2629 4846 1038
20204 1108 1250 1101 2775 792
44966 1101 8759 697 11600 1244
9422 1097 4597 555 6699 2699
32978 1096 1071 622 2550 950
9291 1094 2262 4356 3949 783
20150 1094 1280 1740 2793 814
38180 1093 1309 1153 2827 746
66495 1090 262 1984 1591 1097
20143 1090 1499 613 3047 817
49522 1090 10535 1384 13677 2974
35729 1090 1456 3482 2996 810
49431 1088 30437 719 37089 1885
80728 1083 10113 1425 13172 1416
25035 1080 2150 709 3800 3309
19895 1080 1055 1394 2512 726
64207 1077 2310 750 3985 783
12610 1075 200 1083 1500 694
20418 1068 552 986 1907 1034
9411 1063 4622 1127 6689 5201
64216 1061 1312 915 2792 843
952 1061 292 701 1592 579
12956 1059 724 991 2098 1549
19878 1049 3019 1203 4787 796
30005 1048 791 626 2164 1045
13361 1046 229 700 1500 625
62974 1043 1533 1569 3031 825
27787 1043 1982 2160 3559 12816
83953 1042 2119 798 3719 983
12847 1040 1928 970 3492 855
20207 1037 1326 577 2781 1024
11974 1034 222 963 1478 724
26503 1029 1541 1201 3024 4170
12838 1027 1687 707 3193 1010
20162 1023 1353 722 2796 845
13331 1023 237 889 1483 870
38431 1017 1605 1166 3085 1053
20187 1012 1281 2414 2698 941
13169 1010 304 2623 1547 2139
9416 1008 4855 1976 6898 3573
66223 1003 312 9068 1548 6679
71461 1002 183 4269 1395 574
13052 1000 513 1240 1780 2916
80714 998 40117 1081 48371 875
74677 996 2437 1866 4039 3983
12582 994 576 2168 1848 630
47871 994 4441 1172 6395 2770
12837 994 1143 1324 2515 832
76966 992 103 1809 1289 982
20205 989 1329 925 2728 856
46645 988 1134 10899 2497 3306
19896 986 450 2952 1690 1289
33006 985 2065 647 3589 1439
23227 983 487 587 1730 766
19875 983 609 835 1873 3034
24702 981 7541 868 10026 2751
64206 971 3445 1295 5196 637
24714 970 9000 2087 11730 3768
43429 963 6600 2000 8898 625
72810 960 229 5665 1399 921
20199 954 915 602 2199 679
62988 952 354 711 1537 2417
12947 951 2847 621 4469 2092
80059 949 10100 11256 12999 2402
41580 948 40183 2433 48390 1539
13118 946 330 1146 1502 680
12944 946 1503 2252 2882 2595
15179 941 97 1076 1222 590
46709 940 10817 893 13832 2820
76952 939 137 3975 1266 596
12941 939 2970 1111 4599 2140
70755 937 237 1537 1382 629
19898 936 2280 1245 3784 777
19934 935 2452 1202 3985 576
12139 935 338 3750 1498 906
19879 935 3027 826 4662 922
20152 932 1431 683 2781 945
13175 916 1206 1312 2497 605
23245 915 423 617 1575 2995
19773 913 1003 631 2255 669
12661 911 105 3884 1196 1530
70955 910 784 874 1993 671
62959 905 795 1610 2000 1202
32335 904 101 1897 1183 1821
24839 903 3856 3223 5599 3660
67191 902 3772 2709 5499 7379
41561 900 2402 2391 3885 2471
46710 897 7603 1269 10000 4627
67538 896 202 825 1292 771
38289 891 3358 3599 4999 1699
64212 890 1453 729 2757 940
36106 889 576 6243 1724 4849
13014 889 1012 578 2237 1921
42403 888 811 2304 1999 3655
20123 886 1401 1154 2691 1133
20172 881 1513 1367 2817 663
13403 878 650 2525 1798 2231
12924 878 401 1315 1505 2646
32958 877 3407 687 5040 1406
19890 876 801 1321 1973 1049
9586 873 20001 1724 24558 2154
11601 872 318 1638 1400 589
12843 872 826 840 1998 1244
46644 868 826 53474 1994 7391
20133 866 1499 955 2783 910
43550 865 1587 4108 2885 14931
13337 861 317 569 1387 862
19927 860 1061 1760 2260 726
20214 859 1502 757 2778 796
47765 857 3323 738 4918 1514
13007 854 4873 1637 6738 1243
9409 851 2118 1960 3493 3633
38136 848 614 273739 1720 4105
12904 837 432 1156 1494 634
73744 833 436 4291 1494 651
12752 832 772 749 1888 689
46435 830 2302 720 3685 3308
24502 821 3500 4165 5084 17300
12998 819 532 1206 1590 579
49432 818 58512 1242 69800 1837
41572 815 1820 848 3100 1348
70829 813 5344 812 7244 2205
19894 811 1215 1088 2384 1039
12907 808 550 713 1598 551
64208 804 2610 1242 4017 688
13173 803 608 1320 1660 1124
71961 803 45 1104 998 593
14981 797 1489 699 2690 1042
77008 794 162 11925 1125 1194
20212 793 2403 1055 3761 713
26511 792 2055 1560 3350 5520
19841 791 1495 1647 2690 633
12910 791 429 925 1436 1362
12469 791 2603 1931 3993 2079
13077 790 354 2274 1347 769
19837 784 1216 1702 2353 1121
19823 783 1126 2154 2247 1324
67381 782 2038 1467 3318 846
12588 779 2102 1449 3390 2586
64210 778 1582 1630 2777 1114
79507 777 235 2094 1191 1068
36042 772 418 2324 1400 1504
9423 772 10077 716 12764 2171
12445 772 795 1617 1844 1051
26156 769 123 702 1050 569
73731 768 78 1711 996 748
13343 768 258 1371 1208 1070
76750 768 80 1406 998 631
2713 765 122 3160 1044 566
24765 763 1737 1375 2942 13097
12893 758 422 1066 1389 719
13273 757 387 986 1346 962
71921 756 434 2672 1400 866
12745 751 1790 652 2990 1226
8934 750 2225 1056 3500 1443
71666 750 54 1836 947 769
19891 749 1141 1332 2224 1517
5195 749 101 664 1000 577
12589 748 460 2029 1422 1182
27359 748 907 2584 1948 665
12447 748 1699 5227 2879 1806
20149 748 1703 570 2884 865
12974 746 614 1358 1600 857
73257 746 608 907 1594 652
12465 745 3078 1173 4498 1989
12850 744 940 809 1982 667
76962 742 107 5154 999 585
66496 742 246 2285 1163 1282
38430 741 1019 1147 2071 2404
20189 741 1029 1002 2083 621
26522 741 2081 2351 3321 4199
26521 740 1750 1218 2930 4872
9421 740 2218 1651 3481 5067
1225 737 112 4959 999 804
39715 735 3033 1182 4433 5023
47909 728 41006 5344 49099 2706
47813 728 2010 810 3222 2890
12637 726 2503 790 3799 996
15185 725 124 758 999 752
71702 724 449 7005 1380 4736
75032 724 122 5517 996 2444
25115 724 3105 899 4505 2106
66923 722 2634 1472 3949 5382
12572 720 551 634 1496 604
39717 720 4799 1666 6494 2789
30053 720 469 613 1399 578
67573 719 149 871 1022 778
12886 719 1431 1433 2530 1591
12962 718 777 4592 1759 2847
13123 717 539 2489 1478 687
5111 716 39 1134 889 648
29256 713 133 1112 996 1715
13359 711 137 850 998 620
12450 708 471 3253 1388 899
66917 708 2253 1627 3484 4799
75582 707 380 1973 1279 1698
25835 707 116 719 969 598
25435 705 2010 633 3195 1253
20177 705 1703 2385 2834 990
13083 703 401 3865 1299 1101
20193 700 1003 777 2004 702
67582 700 436 1062 1337 763
26516 696 2041 1378 3220 5032
70664 696 175 6624 1025 966
36835 690 753 3301 1698 1732
27622 686 3084 1238 4436 3551
38774 685 2722 577 4009 913
19850 684 835 1566 1788 2171
34869 683 2155 996 3339 2386
12674 681 168 1263 999 556
12483 680 421 4713 1296 1094
62973 679 301 2201 1154 1145
19882 678 2265 1433 3463 859
24903 676 173 1109 999 1156
84082 674 3147 1448 4496 4259
38209 673 1024 4015 1997 1706
13265 673 1215 1172 2222 1361
19769 673 1103 1301 2090 1478
19825 672 1191 2384 2192 1328
12461 672 1430 1729 2474 5308
1887 671 166 1344 985 1680
12762 670 815 1380 1748 1146
5105 669 40 691 835 567
5106 666 88 1102 888 1190
19873 666 906 992 1850 2430
68626 662 1029 3363 1990 7721
75926 662 89 2543 884 1148
27614 660 2929 944 4223 4473
71974 659 528 813 1397 3761
14946 658 123 669 919 820
62961 652 154 2626 949 931
74548 652 862 5301 1782 960
12894 651 701 1657 1591 5325
24499 649 4355 1294 5888 769
50058 649 1857 809 2949 2178
5291 645 109 684 888 632
62981 644 206 821 1000 935
19780 644 1226 1306 2200 953
15206 643 204 1038 997 573
12578 643 88 2422 860 1074
26846 636 1981 825 3079 7012
28446 635 79 1352 841 660
24338 633 2171 2358 3299 3318
71148 632 700 1602 1568 5314
74169 631 24 574 771 849
12697 630 50 909 800 1142
24834 629 388 4294 1197 2184
28251 626 2048 1432 3146 3528
12595 625 50 2474 795 2142
34845 624 2011 1163 3100 2869
12844 621 1804 2320 2853 967
36625 620 811 961 1684 12097
64220 617 1102 3174 2023 592
12482 616 1707 1343 2734 1469
19902 616 2124 916 3224 1285
48806 615 3601 2594 4961 4656
19840 613 835 4916 1704 2905
42003 606 3508 1009 4840 2024
75428 605 323 2671 1092 567
44726 604 2795 1162 3999 673
12985 603 1097 916 2000 873
74946 602 669 12772 1496 846
5185 601 52 780 769 978
13278 601 906 582 1774 1481
19836 600 1180 2018 2095 835
68942 599 9514 6414 11898 3167
72774 596 67 1853 780 656
72581 596 7 1075 710 558
8940 596 1100 818 1996 2060
20180 595 1688 673 2687 1016
70450 595 504 881 1294 1541
76491 594 13562 4881 16655 5197
1503 592 274 1302 1019 591
12980 588 1176 1585 2076 1103
19842 588 1226 4763 2135 4630
34821 588 2810 849 3998 2274
5194 585 95 1440 800 891
9337 583 437 5415 1200 1120
5159 582 46 654 739 711
13264 582 1134 1983 2019 734
30054 579 81 2777 777 857
24830 578 1169 2736 2056 4972
26806 578 380 579 1128 604
12966 578 946 3760 1794 5825
12976 575 1804 1545 2799 1412
73827 573 1178 1787 2061 3305
19807 573 993 2525 1843 1948
74024 570 107 16849 797 718
12406 567 536 11128 1298 3847
19852 565 917 6328 1744 1816
73081 559 955 781 1782 1809
19271 559 204 6596 898 4529
74978 559 2412 1377 3496 2380
12653 556 203 1150 894 944
72439 555 116 12700 790 884
45598 550 257 555 950 551
19876 548 922 5684 1730 2839
23223 548 280 4118 975 753
12938 547 1470 2020 2374 3144
19810 547 872 774 1670 2336
38153 547 761 573 1539 1215
26963 546 2000 919 2996 3434
13015 545 1007 5145 1826 964
25941 543 2042 910 3042 5474
32376 542 71 907 722 895
12196 541 602 49392 1345 8956
38142 541 914 3967 1712 1761
19931 539 1053 2177 1873 2050
62967 538 341 2990 1035 2076
12883 538 310 932 998 1310
25923 536 1928 831 2899 2781
13114 532 505 1430 1220 711
62947 531 234 4577 900 1378
32954 530 1575 592 2477 589
13156 530 55 1976 689 2849
19851 529 1160 2275 1988 1470
24548 529 3042 1119 4202 6780
13043 527 854 1129 1625 878
34198 525 64 1999 694 742
24691 522 3724 2639 4996 5352
13215 521 313 4028 982 1079
19342 521 263 1002 923 561
14184 520 755 1770 1500 633
12192 519 100 766 729 640
28233 519 2030 1175 2999 4171
12749 518 812 1352 1565 1386
76586 518 101 1422 729 566
12888 517 250 1811 903 4754
20129 517 1824 680 2755 985
19906 516 584 656 1295 1290
12496 514 1010 2139 1794 7707
13120 513 320 1590 980 617
13262 512 609 885 1319 9184
26672 511 2036 586 2997 2883
13019 511 402 3801 1075 560
46708 508 8503 1073 10602 3004
13115 506 278 717 923 1175
12948 505 796 1002 1531 880
27784 505 2389 1319 3405 13462
12694 503 62 1534 665 1199
70634 502 81 733 687 812
41571 500 2113 1846 3075 8950
11046 499 277 859 914 1355
24327 498 2168 2410 3137 3798
19186 498 51 939 647 571
27597 496 3415 987 4602 2450
13037 496 435 1136 1096 558
33761 496 69 825 665 634
5061 495 14 933 599 877
12175 494 300 13525 935 3674
12529 494 1103 3727 1879 966
13225 493 436 2222 1094 584
14953 492 125 864 727 703
24318 492 2132 3517 3088 2561
26504 491 2059 1835 3000 4857
10262 490 1115 690 1889 788
34521 489 77 1330 667 639
12392 488 1121 3656 1893 858
9414 486 2570 2479 3596 3723
12954 484 525 1400 1188 875
80065 484 4785 3114 6199 141397
28245 484 2042 1534 2972 5375
12131 483 117 1115 706 2360
28224 483 1849 1064 2744 3686
9413 482 10368 1296 12765 3153
5087 482 27 618 599 731
12999 482 963 731 1700 757
27339 481 193 2316 794 1726
15204 480 77 2069 656 1085
13130 480 191 961 790 1032
62949 479 266 2723 877 2700
32946 478 1901 613 2799 884
20156 475 1920 559 2818 637
13303 475 222 1153 821 1293
13327 474 112 1566 690 557
12428 473 801 3359 1499 1269
12852 473 202 1456 795 2322
12486 473 1123 5591 1878 6257
5069 472 77 1155 647 572
41566 468 1902 1519 2789 2911
24773 468 2042 3268 2954 10261
34809 466 1994 1084 2895 1781
13390 466 288 890 888 952
12898 464 234 1203 822 729
24818 461 982 1180 1698 4412
5142 459 62 650 613 774
26657 457 2034 756 2931 3918
28216 456 2043 1356 2941 5778
74687 456 219 10789 795 590
69745 455 562 5830 1197 8277
72258 454 295 1385 882 1287
5164 454 61 4638 607 856
12854 453 340 3501 933 1145
12961 452 741 1071 1404 656
12477 451 567 1697 1198 757
12568 450 116 1702 666 622
12571 449 43 2279 579 888
28238 447 2118 1031 3018 2197
47809 446 2121 946 3020 5668
35734 446 1417 7379 2192 937
24806 445 227 6391 791 6114
5049 445 28 2409 557 1894
24322 443 1759 2757 2591 3983
47789 442 2145 802 3044 970
28205 442 435 557 1032 850
76614 440 9728 3169 11963 23341
13179 440 737 1032 1385 1632
12970 437 2080 6514 2962 9596
5160 436 20 1032 537 886
66969 435 662 1638 1291 5787
13191 434 450 719 1040 660
25895 434 146 2013 683 814
19839 434 427 1974 1014 779
19899 434 2637 1043 3614 1275
38308 428 1100 2830 1798 3633
24618 427 2000 5763 2856 8676
10598 426 160 1417 690 703
24920 425 1044 1351 1729 730
33499 423 89 1699 603 588
68362 423 596 2463 1199 4211
12979 422 1606 656 2386 973
37907 422 2333 6730 3242 19834
70714 421 1103 2296 1794 8276
24578 417 1253 8311 1965 17994
84864 415 12159 12093 14794 5148
37176 415 7976 1339 9872 1057
12579 414 76 1416 577 911
12892 413 1198 1703 1896 2164
24419 413 134 10424 644 2715
67181 412 7 2731 494 1702
12901 411 652 968 1251 746
24612 411 1699 5664 2483 4332
12278 411 1375 16591 2102 1205
26243 408 113 3821 613 648
12917 408 108 3150 608 5813
12934 408 484 873 1050 666
12649 408 47 2468 536 2737
26369 407 2180 1227 3044 6238
13336 407 617 1011 1205 931
12692 405 62 2799 550 1344
19905 404 606 1216 1189 1065
1088 402 234 2020 749 1334
24498 401 4666 2709 5962 1079
75320 401 278 8855 799 812
70568 397 65 4333 544 888
13071 396 270 1443 784 1476
47817 395 1900 580 2700 1657
13005 395 343 2627 869 918
13317 395 193 1303 692 1179
13216 394 113 898 597 1142
24729 394 2070 2834 2899 5734
25635 394 1902 555 2702 852
24497 393 4205 999 5410 930
12397 393 150 3418 639 1803
12991 392 1264 14112 1949 6859
13266 390 230 1473 730 1963
34853 390 1980 656 2789 1720
67961 390 709 692 1294 1636
14308 389 161 836 648 556
12563 389 31 1786 495 1263
20402 387 947 610 1570 1201
24315 387 4769 4440 6067 8055
38624 386 1902 804 2692 551
13287 384 754 575 1339 1196
12909 384 221 735 712 836
12614 382 280 3084 779 716
10892 381 115 2446 584 829
12167 381 412 24790 934 621
26843 380 1995 954 2795 6038
1217 380 229 2032 717 604
13183 378 471 817 999 1892
13259 378 774 1354 1356 777
13333 377 104 1034 566 1643
49427 377 1660 4344 2397 4737
13006 377 1426 1900 2122 2733
25395 377 1909 591 2690 1454
13050 377 254 898 743 1155
19785 376 257 3649 745 7285
26677 375 2031 603 2831 4472
12942 374 314 972 810 664
12757 374 702 1427 1267 4034
24868 374 409 968 922 3111
68628 372 1061 8074 1686 7625
12935 370 350 2495 848 1122
26361 370 2627 866 3526 4766
26264 369 95 1985 547 553
66465 366 19 3044 454 1725
26684 366 2032 781 2822 3388
45906 365 739 782 1299 1046
66650 365 3761 3974 4855 13914
12565 365 165 1741 624 1593
26370 362 2612 866 3499 4463
49524 361 400 2656 896 11910
12470 361 1117 2532 1739 4852
13220 361 400 1753 896 626
12809 361 404 3497 900 3307
41569 360 10005 2837 12195 6300
19903 359 3001 654 3954 848
24332 359 2762 2727 3672 2516
12988 358 2179 3678 2985 19473
5176 358 102 2808 542 1259
25944 358 2009 661 2785 2963
12675 355 120 792 559 603
73763 355 104 2306 541 821
5107 354 63 1192 491 774
13181 354 403 639 891 3648
45919 353 831 785 1394 1092
12480 353 783 2447 1337 2450
24587 353 740 4207 1286 3210
79776 352 5507 1633 6893 810
9309 352 422 3256 911 1500
24904 352 515 871 1020 818
24921 352 1627 1605 2329 976
13277 352 560 1376 1074 790
24524 351 1560 3679 2249 4578
27429 350 489 691 988 560
66463 350 12 827 427 2494
32950 347 3000 695 3938 1793
13210 347 333 1147 800 2220
22325 346 246 1332 697 1914
27508 345 58 1541 475 1118
70525 340 328 7424 787 899
12561 338 43 4682 449 2003
28094 338 1914 706 2650 2746
29411 338 87 1718 500 1069
14196 337 57 981 464 1059
12268 337 1445 7188 2097 2834
13084 336 206 1434 638 2464
5020 335 16 2794 414 1428
13100 335 382 2292 844 550
12596 334 37 4158 437 947
19811 331 1068 2027 1647 3612
12495 331 601 4787 1097 5047
19779 331 253 2219 688 4280
62977 330 236 975 666 3516
28538 329 2257 1112 3043 9500
13150 328 95 1638 498 3057
27588 328 3072 1240 4000 3652
47498 328 1749 551 2444 558
12411 327 626 6533 1122 1684
83663 326 903 833 1447 1730
12575 326 103 2904 505 978
38210 326 265 3710 696 16708
19932 326 598 1736 1088 1844
12700 325 15 1831 400 1272
26509 324 1804 1244 2504 3066
12691 324 123 1041 527 1676
49428 323 3921 1738 4993 4981
12669 323 141 916 546 941
20663 322 45 1315 432 874
13122 319 191 2066 600 745
45903 319 275 634 699 1759
24323 318 2180 4763 2939 4764
36075 318 736 7983 1241 2701
12552 317 108 1447 500 1498
13260 316 126 1258 520 1560
38745 315 4698 581 5898 619
15457 315 144 1124 541 717
21259 315 2293 8555 3069 13104
11053 314 140 1090 535 618
12761 313 350 1746 780 1088
71252 313 531 669 993 1510
13013 313 531 2081 994 1330
12993 313 895 9474 1422 5036
5196 312 96 1406 480 20686
38346 311 3524 577 4512 4590
4908 309 116 5260 500 1028
12281 309 199 6915 598 10212
24302 308 2115 4220 2851 1989
48805 308 3003 2282 3896 6099
13030 307 201 1862 598 825
73017 307 21 1675 386 1569
43798 307 179 747 572 8527
27278 307 2002 835 2717 1861
12899 306 603 1244 1070 1258
12487 306 1150 3433 1714 6502
10293 305 254 1368 658 914
12931 305 180 2077 571 655
62975 305 811 734 1314 1849
12967 304 238 3569 638 1587
12879 303 650 1716 1122 2712
12394 303 196 2209 588 3893
82898 301 2522 808 3322 1671
25950 301 1909 712 2600 2611
22326 301 374 2828 795 843
13036 301 193 3732 582 1144
12928 300 193 1458 580 1047
35735 300 415 6195 842 2478
12754 299 755 1273 1240 623
19803 298 891 1966 1399 2689
8700 297 883 5271 1389 10235
12672 297 122 2179 493 2727
47793 296 1927 575 2616 1317
12840 295 546 4594 990 10718
5292 294 64 706 422 1092
26972 294 1990 670 2688 3194
26496 293 2285 1270 3034 3849
13070 293 256 1417 646 1529
28243 293 2011 1115 2711 4150
12923 292 132 3154 499 4080
14979 291 899 1099 1400 1095
13244 290 599 1732 1047 1090
82103 287 2047 755 2746 1854
12673 287 86 4712 439 851
43807 287 134 700 496 2009
45041 286 734 3742 1200 559
75088 286 82 1013 434 1103
12848 286 314 3056 706 1701
12223 286 210 8044 584 1016
12635 284 400 1209 805 1101
12140 284 97 3380 449 5017
13038 284 153 1959 515 4429
38166 283 2645 1360 3445 1304
12864 283 630 1549 1075 2903
83322 283 1193 4431 1737 8236
13111 283 182 990 548 1494
19967 283 1476 662 2070 785
12656 283 56 5031 399 1799
12432 282 666 2573 1116 3770
38212 282 53 843 395 736
12488 282 2064 3676 2760 8653
71473 281 1662 9810 2287 27434
12542 280 2268 2601 2998 3128
13082 280 198 1245 563 734
19772 280 304 3088 688 3723
72802 279 21 1000 353 6214
12994 278 634 1424 1074 1372
38291 277 501 51012 916 57240
1655 277 201 1144 563 606
12939 276 105 999 449 2274
12462 276 413 2262 811 8428
66494 275 150 1869 500 1415
77032 275 75 961 412 809
24570 274 265 871 635 16045
28095 274 2135 952 2835 3323
5032 273 45 1921 375 1528
12992 271 2316 6890 3044 2959
66423 271 12 3044 334 2923
13117 271 195 1831 549 1630
76216 270 2148 4702 2845 14150
26488 270 2330 790 3059 6478
10432 270 163 1099 510 1689
27605 269 3302 1324 4202 3410
12851 266 82 2273 410 8100
13246 265 669 1479 1099 902
19824 265 1626 2417 2225 1161
19764 265 800 1282 1254 838
12608 265 29 2749 346 3852
12880 264 365 1775 741 995
12598 264 24 2380 339 2994
13275 264 480 595 876 575
19874 263 238 840 590 4168
12896 262 587 972 999 3010
12815 260 414 4292 794 5976
12932 260 103 1355 428 1594
13113 260 506 1785 902 775
34813 259 2455 882 3193 3241
37174 259 696 1207 1124 1526
69774 259 507 7244 902 7968
27781 259 2711 2009 3495 10935
24835 256 331 1062 691 2175
12485 256 900 3142 1361 2992
12475 255 423 1043 798 5074
43843 254 183 967 515 2322
19767 254 325 3615 682 5663
8919 254 561 3139 959 687
12855 253 1361 597 1899 731
10675 253 128 604 449 603
13440 253 172 778 500 989
24732 252 257 1506 599 11779
12449 251 913 3749 1370 6265
12618 251 60 1935 366 2663
83195 250 1109 6248 1599 1515
28199 249 600 600 999 625
13135 248 382 1695 742 592
12827 248 609 2844 1009 2193
24313 247 1756 2782 2357 3553
62954 246 81 853 385 7108
12670 246 123 1844 435 1378
71789 245 51 4411 349 705
73449 245 51 1136 349 848
12902 245 78 1806 380 2545
24516 245 1454 3950 1999 3769
12858 244 351 809 700 2241
77605 244 238 894 568 4870
24754 244 461 8073 830 1651
19838 243 644 1548 1044 1132
25217 242 68 680 365 589
11334 242 98 809 400 659
72273 241 4 16664 289 646
24833 240 469 2847 835 5900
19809 240 217 2238 538 7517
12391 240 282 7396 615 11799
12737 240 96 8422 396 4084
13049 240 268 1722 598 769
24328 239 1240 2171 1740 5629
12908 238 106 2994 405 2528
12881 238 101 2933 399 7333
34861 238 1991 585 2623 1507
12478 238 612 2359 1000 1009
13258 237 872 1636 1305 760
1198 236 123 4848 423 551
12846 236 342 1364 680 2146
12343 236 81 9552 374 2251
26154 235 99 2046 394 2308
12211 234 300 4022 629 3891
47470 234 2255 835 2929 824
5055 233 85 4386 375 919
13098 233 101 1083 393 3614
2075 233 127 2813 424 1153
72470 233 29 873 309 895
12906 232 124 1497 419 7990
12978 232 96 658 387 1051
13144 231 151 656 450 708
36079 231 350 2689 684 2668
12834 230 438 4806 787 6837
13010 230 366 4397 702 4900
12878 230 25 949 300 2069
12857 229 89 3418 375 5501
48916 229 2212 3530 2872 8847
9310 228 179 10216 479 1879
19813 228 169 3046 468 6544
8606 228 81 6940 364 678
33500 227 154 669 449 790
13081 226 185 2541 484 742
37850 226 1638 989 2194 664
24316 226 647 5362 1028 2832
74852 226 1003 2342 1447 8858
13177 225 209 4184 511 1407
5045 225 62 2089 338 1118
38288 224 124 4329 410 829
5040 224 37 692 308 795
29260 224 111 2105 395 1548
24560 223 446 4769 788 32703
76569 223 1900 1947 2498 5982
37774 223 284 1048 597 551
12884 222 370 1509 697 1418
36803 222 208 4735 507 866
8915 220 220 3172 518 2091
13226 219 64 884 334 1384
13119 219 161 4892 448 6837
13057 219 172 634 461 7702
25947 218 1925 1051 2522 2656
66434 218 3 2636 260 1396
13097 218 20 809 280 4635
41737 217 180 1983 468 9669
24337 217 562 4583 917 5554
12491 217 398 6626 724 4473
12984 217 154 2054 437 1413
12553 216 20 834 278 1311
24723 216 335 2080 649 10673
12863 216 122 1787 398 3334
27768 216 2419 1325 3100 13125
12900 215 93 841 363 1842
62943 215 56 2581 319 4107
13248 215 180 2519 465 2883
1308 214 233 4040 527 765
12194 214 101 9098 371 4780
13381 214 269 3818 569 1183
5017 213 57 2341 318 2615
12969 212 200 918 485 1325
12983 211 818 1904 1211 1232
27160 211 1992 1202 2592 1831
24772 211 1980 4310 2578 5891
12927 210 53 736 310 1984
26986 210 1992 592 2591 2694
12206 210 1000 2836 1424 2968
12647 209 8 1724 256 590
12920 209 233 1926 520 699
12987 209 296 600 595 1000
12887 209 151 6246 424 30168
32966 208 1990 732 2587 799
72194 208 785 2889 1169 15368
9318 207 168 9273 442 931
13108 207 102 3553 364 6069
12839 207 133 5626 400 50034
26834 207 1982 578 2576 7304
24800 206 2000 2934 2596 1582
13146 206 100 1969 360 1659
13189 205 157 1716 426 1775
38354 205 331 1095 631 1506
12577 205 43 3120 292 2149
12424 204 300 2891 594 2239
26392 204 279 972 569 701
12971 203 295 1766 586 2459
19808 202 163 2002 430 6345
36660 201 980 2191 1390 621
12981 201 354 2177 653 2108
9476 200 1540 11001 2048 18796
68435 199 311 1564 600 4600
12198 199 327 3205 619 1603
11321 199 80 738 329 580
12202 199 818 7796 1197 6830
12459 198 362 2777 659 7593
19820 198 250 2240 528 3910
13075 198 119 2134 374 2379
35515 197 78 3477 324 3381
36784 196 220 935 490 797
24357 196 2265 15340 2896 35615
19933 196 389 1853 689 3866
12454 196 382 2517 680 1313
13227 196 194 5668 459 6576
26718 193 50 7237 286 1321
24803 193 1524 1216 2021 2645
26818 193 1993 597 2572 6839
19888 192 403 4077 700 3583
13190 192 185 2365 444 1320
2622 191 296 1223 573 2089
45916 191 105 1033 349 4046
15471 191 3599 1056 4459 12939
49734 190 5 864 230 2109
19846 190 60 1136 295 5620
71225 190 1306 7683 1761 12501
13207 190 127 1608 373 1568
24801 190 527 1627 844 2996
13352 190 245 793 512 1112
12519 190 744 6504 1099 5004
84505 190 959 2005 1352 2036
28784 189 1746 724 2277 1172
12625 189 184 3149 439 5419
13046 189 215 2392 476 781
13131 189 319 2073 598 2798
9357 188 602 3237 930 16450
12471 187 1000 4703 1397 12913
82395 187 2153 2095 2753 1571
24301 187 689 2583 1031 3853
48917 186 5218 3067 6358 17000
12567 184 27 3048 249 3608
67583 184 4 1099 222 1255
12912 184 398 1544 685 11669
12368 184 410 8918 699 2578
38265 183 463 560 760 1813
13110 183 134 4176 374 2895
66471 182 5 3492 221 1370
75654 182 1609 2809 2108 9442
68632 181 325 3841 596 29032
24454 181 153 10969 393 3692
12150 181 431 4096 721 1441
21264 181 365 14347 643 20681
67593 181 6 728 220 3607
24308 181 2741 2255 3438 5185
34206 181 74 618 300 1073
5054 180 41 1349 261 1511
9305 179 246 2507 500 1461
2247 179 244 706 498 1891
24747 179 225 4383 476 6380
12292 178 30 1330 245 5606
29253 178 137 1451 371 4901
19812 177 515 1365 815 2315
62984 177 102 753 329 4420
19819 176 333 1663 599 5487
13163 175 519 2602 817 1136
66406 175 2 3053 209 802
357 175 496 1147 790 833
1656 174 108 923 332 616
12875 174 82 1332 302 2323
82611 174 2224 970 2822 2709
12180 173 204 6919 444 2781
66459 173 4 2442 209 891
12866 173 242 1414 489 1253
8910 172 271 8154 522 881
13180 172 98 574 318 1331
12446 172 108 4472 330 15843
12172 172 848 9719 1200 2623
13187 171 458 1006 740 1252
13106 171 379 2110 648 692
11716 171 211 1167 450 585
12655 170 36 7781 243 2494
49735 170 11 1536 213 1574
24906 170 278 1261 528 974
19928 170 250 1822 495 3547
25675 168 1952 596 2495 1408
66418 167 22 3271 223 2244
13158 167 44 4291 249 2321
36841 166 400 18357 667 10723
12597 166 21 6617 220 6677
1442 166 339 1096 595 893
19904 165 594 811 894 1131
24333 165 1914 3049 2446 5199
1716 164 511 1217 795 800
12307 163 40 2783 239 1308
33350 163 4 4021 197 1150
75614 163 25 11979 222 1989
19889 162 447 4656 717 5106
43451 161 1101 5737 1485 117127
13186 161 50 1493 249 2553
13174 160 100 1117 306 985
21688 160 605 26071 900 3719
12842 160 383 1075 639 1747
84171 160 93 3082 298 5106
12628 160 31 2364 225 3063
12287 159 9 936 198 8957
13090 159 68 7117 268 5364
19868 159 266 2028 500 4813
19821 159 163 1408 379 6184
43555 157 2301 1430 2892 724
38266 157 309 1387 549 748
74592 157 693 4656 1000 15353
8891 156 405 3284 661 11760
14994 155 100 889 300 570
28397 155 1970 601 2500 1543
45087 155 1980 767 2512 695
11571 154 105 1859 305 644
13023 154 95 5599 293 6401
66486 154 105 958 305 2245
12816 154 671 8866 971 1658
13051 153 108 829 308 2275
1854 153 17 2099 200 1505
13017 153 112 5207 312 2745
8916 153 625 20111 916 1072
76165 153 258 4452 484 7663
9381 153 380 20882 628 2456
11891 152 620 735 909 567
22327 151 656 1827 950 722
812 151 425 1679 678 562
12455 150 300 3782 530 4564
12412 150 57 1698 244 3524
77569 149 1000 8607 1352 54239
13137 148 123 2037 319 2450
15469 148 3586 1098 4394 22261
11025 148 354 2046 591 570
24829 147 166 969 369 1367
1389 147 108 991 300 571
13192 147 108 1836 300 2742
8578 147 9 2956 184 7385
9316 146 320 4024 549 2144
12914 146 148 2153 347 1656
12560 146 32 1488 210 7126
13249 146 56 998 238 1578
9368 146 205 5330 413 625
13042 145 104 1311 294 1539
38211 145 108 1091 298 2182
68630 145 122 5021 315 11398
8913 144 199 14330 404 1155
21677 144 47 4977 225 2172
19816 143 392 1899 630 8338
12288 143 19 4528 191 2863
28231 142 2037 672 2564 4483
13152 142 107 1578 293 4799
13185 142 86 1100 269 775
12603 142 35 2853 209 3497
12554 142 31 2315 204 9028
29266 142 172 14906 370 1906
15075 141 202 2463 404 562
5023 141 46 612 220 1244
10417 141 221 855 426 757
12845 141 103 2224 288 6340
9345 141 250 15098 460 6922
12977 140 736 1539 1031 644
24455 140 200 5941 401 728
38213 140 103 3120 287 2617
1594 140 1754 639 2229 1004
72941 140 280 1385 495 862
38356 140 74 978 252 810
1172 139 72 1497 249 758
67915 139 1900 814 2399 1710
9277 138 401 8874 635 7686
12525 138 201 1575 399 1658
66412 138 4 1157 168 917
13465 137 214 673 414 720
68642 137 1015 88105 1356 303562
24911 137 125 899 309 962
13063 137 223 2000 424 659
8921 137 310 978 526 1937
26277 137 220 880 420 797
67546 136 2 561 163 721
13168 136 130 2381 314 1936
12375 136 40 5775 208 2563
35732 135 120 4241 301 1050
5051 135 34 1092 199 559
25995 135 52 1609 220 582
12821 135 800 4576 1100 1558
25930 135 1990 973 2500 2912
882 135 114 2527 294 559
20459 135 51 957 219 862
13228 134 141 3781 324 4481
12652 134 36 1888 200 4278
66460 133 9 4041 168 2221
27351 133 103 3838 278 922
12378 133 22 7377 183 2717
13143 133 100 1046 275 9078
5026 133 75 738 245 597
19663 133 2498 6464 3096 8914
79423 132 315 1240 527 3571
20503 132 135 2055 315 830
25155 132 1990 597 2497 1966
38214 132 42 1125 205 731
20323 132 3457 187637 4223 89230
12273 131 124 5635 300 19196
12951 131 151 653 332 916
24905 131 368 1710 588 684
71717 130 3 11324 157 2113
5279 130 63 1029 228 1132
34211 130 142 1511 320 2698
19802 130 163 1711 345 1821
73150 129 168 13371 350 20594
12990 129 247 7646 443 8590
13348 129 199 1155 387 692
13432 128 277 2605 477 909
12654 128 58 1746 219 4319
12448 128 147 12049 324 11018
21263 128 654 27128 920 35664
12968 127 26 1393 180 1631
27157 127 1981 565 2481 1708
36073 126 61 5123 220 3464
66487 126 2 2111 151 1168
19801 126 225 2599 413 806
21682 126 136 21098 309 10166
5031 126 9 569 159 657
19777 126 131 1194 303 13764
13138 126 553 1175 799 1855
12964 126 44 6413 200 2654
62979 125 27 2497 179 812
854 124 224 654 410 1306
27300 124 2006 838 2506 1209
13218 123 160 1650 334 1733
13091 123 208 2764 390 867
12758 123 301 2967 499 7490
38129 123 18 7996 167 17164
38181 122 152 562 323 770
12819 122 308 1536 507 848
13251 121 117 2672 280 1252
12959 120 883 1400 1181 781
47365 120 240 1345 424 801
21658 119 215 13026 394 4364
13004 119 261 2367 448 1394
71580 119 631 2253 883 34215
26422 118 52 2279 200 580
12662 118 52 2525 200 5187
11327 118 125 1308 287 581
12813 118 205 3801 380 3821
75213 117 342 6440 540 2357
12945 117 257 852 440 970
9317 116 389 27973 595 15964
28802 116 77 1288 228 865
13095 116 28 813 170 3060
12897 116 42 950 187 4782
2621 115 223 2350 398 1352
67543 115 4 748 140 3981
24307 115 2063 3424 2563 4785
13154 115 202 2141 374 1265
66464 115 15 22379 154 1955
71136 115 718 1735 981 10442
68635 115 209 9356 382 37798
19770 115 140 896 300 21365
12558 115 30 3336 171 7139
83861 114 80 5691 229 1413
21694 114 138 11947 297 5022
77692 114 225 2108 399 15976
24782 114 112 7474 266 10023
13021 113 184 3214 350 2802
13160 113 35 2057 175 1468
13151 113 104 3552 256 3147
22329 113 302 754 489 758
19847 113 118 2905 272 5209
12960 113 237 995 412 927
25075 113 2000 1036 2487 1479
19815 112 343 950 536 8938
24303 112 2844 3197 3478 5610
13222 112 60 2807 203 4847
8917 112 380 5568 579 617
68434 112 440 3687 650 2455
9313 111 344 3023 536 1241
21692 111 228 15420 399 2558
33483 111 94 642 242 890
84184 111 38 5092 176 2426
9366 110 108 9450 257 1134
77653 110 55 2413 195 6907
13126 110 281 807 461 2339
12148 109 225 5457 393 2354
11635 109 402 851 602 732
12176 109 137 12028 290 4205
24597 108 271 869 447 9973
9443 107 915 5506 1203 35041
8610 107 100 3558 244 6345
13061 107 410 1018 609 3272
30796 107 31 1632 163 578
82541 107 137 4647 288 7927
23137 107 278 575 453 1508
24513 106 307 2362 486 1405
1082 106 174 2446 330 625
13202 106 183 1575 341 1488
12573 105 30 2684 159 7857
2246 105 148 1449 298 585
12890 105 210 787 371 713
24719 105 150 981 300 1674
1222 105 130 1637 277 784
2624 105 285 1075 459 585
66488 105 12 7798 138 1148
24326 104 290 4251 464 2851
11566 104 106 1549 248 703
66416 103 3 2390 125 1194
30983 103 11 4438 135 1285
44979 103 9792 869 11642 5662
1220 102 313 722 489 599
13048 102 170 1846 320 3208
2466 102 246 1966 410 1076
2719 102 323 782 500 1113
72113 102 516 2339 728 6592
12806 101 171 2077 320 1840
27489 101 125 1497 267 979
835 101 125 2644 266 1532
14207 101 77 896 210 588
13142 100 464 990 664 887
24311 100 388 4051 575 6142
37845 100 207 603 362 1773
13224 100 46 1311 172 1712
12832 100 162 4757 309 1661
32646 99 99 708 234 727
13109 99 23 1090 144 5457
67601 99 3 7657 120 2749
24281 99 405 22995 593 29705
8905 99 106 10205 242 2938
12601 98 29 1369 150 2071
26570 98 240 1360 398 567
36052 98 203 9544 355 6030
14942 98 89 2148 220 724
84101 97 2026 1037 2498 1991
13044 96 60 3325 184 4732
10289 96 264 1164 424 599
9326 96 108 6840 240 5042
1200 96 197 806 345 995
5028 95 52 830 173 1219
21684 95 144 34460 282 18979
38186 95 239 892 394 1017
21693 95 253 5770 410 1575
72579 94 320 6234 488 18085
13447 94 231 921 383 1264
11314 94 74 726 198 1124
12315 94 202 4729 349 2507
13074 93 34 1418 150 2179
27499 93 309 1905 473 772
11649 93 379 1543 556 783
12263 92 224 3203 372 11736
24831 92 164 5956 302 3262
388 92 299 2542 460 623
21260 92 430 21099 615 20838
12835 91 521 11545 721 2401
13002 91 342 5262 510 1861
12181 91 1202 56450 1522 29755
24918 91 487 4725 680 594
12564 91 33 1994 147 24737
9473 90 208 8001 351 13043
12760 90 547 972 750 880
2173 90 182 2518 321 1141
27843 89 68 1092 185 1435
84582 89 64 4054 180 1623
67832 89 5513 1479 6591 7856
12451 88 246 6053 394 9096
27501 88 283 933 437 582
2249 88 285 914 439 744
9323 88 513 3904 708 785
38283 88 110 901 234 646
10658 88 206 741 346 563
24898 87 338 2138 500 620
24536 87 88 842 206 788
35731 87 141 9291 269 7738
24744 87 119 4986 243 7023
23224 87 230 688 374 940
9372 87 117 15123 240 12069
19830 87 207 2787 347 4331
13104 87 40 8790 150 5426
12824 86 278 4437 429 5956
13230 86 72 1412 186 1891
66462 86 7 2865 110 1452
3180 85 213 1987 351 3107
19869 85 187 1557 320 1533
915 85 380 974 548 603
9346 84 256 6443 400 2445
77610 84 111 11430 230 5953
12671 84 100 14427 217 10891
12185 84 55 7541 164 6485
252 84 95 1814 211 701
12936 84 564 605 763 2689
66432 84 4 2455 104 1923
9347 84 501 2562 689 1998
13794 83 305 686 457 559
74340 83 2 7806 100 788
12466 83 542 13822 736 12037
13170 83 35 1553 139 2348
26249 83 86 1162 199 559
30916 83 9 787 109 793
27497 83 268 1889 413 952
12346 83 230 24629 369 10146
67552 82 2 7465 99 1751
66413 82 2 2055 99 896
12569 82 100 647 215 6698
48915 82 1146 4899 1445 17144
138 82 163 1353 289 751
67590 82 2 6592 99 1578
66427 82 2 2200 99 1115
2012 81 173 873 299 1391
9306 81 292 3052 439 676
12275 81 46 3508 150 10681
83733 81 42 4916 145 760
9438 81 301 12170 450 7570
67591 81 2 5095 98 2729
24836 80 13002 1440 15391 19753
12926 80 60 18464 165 5983
9300 80 132 11501 250 8695
19800 80 207 1149 338 3361
66417 80 3 933 98 1475
38375 80 119 1714 235 784
67549 80 2 5893 97 2301
67577 80 2 7196 97 1438
67592 80 2 7774 97 1525
12559 80 46 1862 149 1978
68625 80 116 21878 231 84721
12570 80 35 6000 136 5068
67551 79 2 5503 96 5640
24335 79 250 23424 388 130636
13103 79 36 1735 136 3829
12830 79 210 3919 340 1746
12526 79 78 73363 185 27678
13128 78 59 723 162 1622
13188 78 17 3533 112 5939
38393 78 40 698 139 1040
12299 78 105 7013 216 1841
13018 78 86 4001 194 2507
8890 78 41 12945 141 18722
66468 78 12 3598 106 1944
9314 78 318 3922 466 2569
21159 77 198 17144 324 23856
68631 77 123 6915 236 91502
13024 77 30 4201 126 4280
80080 77 101 18051 210 65810
12609 76 30 2618 125 2141
12905 76 99 1668 207 1951
12481 76 1103 4653 1388 6397
67554 76 3 5848 93 1594
9333 76 337 6714 487 13616
1441 76 264 3142 400 592
12460 75 295 3000 436 6994
38296 75 8 8330 98 4822
77648 75 258 39597 392 413958
12683 74 3407 1404 4096 4157
30966 74 33 682 127 996
49134 74 3 5356 91 20143
13212 74 73 604 174 2128
24813 74 51 4161 148 4877
12457 74 206 5712 330 9949
14186 74 70 1041 170 942
67192 74 275 584 411 14429
12284 74 40 2355 135 1488
30915 74 8 685 97 2777
19799 74 181 5317 300 5274
19217 74 6 5958 95 3953
11353 73 203 1094 325 763
67553 73 2 4794 89 1556
12498 73 26 3848 117 37164
12522 73 53 15917 149 10128
26260 73 238 3333 367 1167
13240 73 51 1011 146 1943
12557 73 29 15105 121 28201
24600 73 255 4900 387 10674
10291 73 237 2679 365 749
12520 73 178 4144 296 6923
15568 73 65 2516 163 564
27801 72 80 1390 179 699
12826 72 99 1531 202 2070
28595 72 64 1162 160 813
15103 72 82 1335 182 648
30797 72 55 4053 150 805
24794 72 91 2910 192 12876
9263 72 51 6713 145 4423
13155 72 37 1650 129 8284
9354 71 352 1146 498 2619
132 71 209 1153 330 692
21695 71 91 5649 191 14381
43359 71 97 4549 198 27808
66429 71 3 11581 88 2308
67533 71 2 6636 86 2246
14284 71 76 2832 174 559
14304 71 89 1482 189 687
12367 71 4 12888 89 11842
66409 71 4 3462 89 2085
12306 71 12 1636 98 5768
38369 71 70 1246 166 909
82678 70 6881 1531 8178 2081
43362 70 41 7006 131 40135
38220 70 89 2023 188 887
3148 70 185 854 301 5583
13089 70 15 4311 100 3765
13149 70 97 743 197 3112
19834 70 78 1659 175 26496
19786 70 110 1506 212 4562
68437 70 5029 28922 5999 9064
12178 69 241 16795 365 14580
75496 69 3 1951 85 997
70 69 103 1004 203 550
26866 69 103 995 203 600
27492 69 270 2437 399 865
11354 69 153 1343 262 2396
24828 69 259 2269 387 3466
26258 69 236 991 359 1077
19788 69 102 1272 202 26926
33352 68 15 977 98 3334
25028 68 186 725 299 564
45043 68 411 3456 564 5838
13165 68 75 2267 169 1445
15563 68 55 1620 145 1702
9472 68 72 8638 165 18844
661 68 80 854 175 1081
73120 68 85 2040 180 10852
12280 67 17 3022 99 2156
13315 67 80 688 173 866
49425 67 330 11061 468 20130
26864 66 114 850 212 1140
68512 66 14 32455 95 8032
38165 66 37 1322 122 3950
1752 66 247 1444 369 591
19351 66 266 1957 391 1794
20714 66 104 923 200 1265
21666 66 60 25375 149 31020
29002 66 59 845 148 2498
26061 66 76 880 168 700
21689 66 229 28002 348 37217
24250 66 14 12194 95 7363
3207 66 92 1003 186 952
12876 66 80 987 172 1420
8553 66 31 2711 115 899
15579 66 103 622 199 652
12160 66 53 1682 141 3108
38286 66 104 2856 200 854
19831 66 104 999 200 13642
66408 66 2 4334 80 1144
10893 66 98 1392 194 1044
72752 65 231 6882 349 20069
27659 65 130 3690 230 1674
26255 65 226 1438 343 581
12154 65 20 6469 100 1271
27807 65 157 797 262 592
2772 65 221 2319 337 964
66475 65 133 3065 233 845
12494 65 700 6285 900 12268
26315 65 130 764 230 648
28731 65 128 953 228 725
12490 65 320 6596 454 14286
66491 65 3 8691 80 1393
70863 65 2 4182 79 1830
38302 64 117 56928 214 29716
66926 64 21 3867 100 6921
11062 64 135 1595 235 645
34479 64 80 726 170 862
26556 64 129 608 228 1178
5035 64 81 2749 171 1064
12209 64 29 13318 110 16102
14266 64 75 1027 164 863
12195 64 20 9071 99 12000
67550 63 3 3876 78 2926
12166 63 250 20407 369 15425
12294 63 80 23470 169 14258
38061 63 188 14679 296 10957
13107 63 93 1316 184 2077
2964 63 101 1873 193 2208
66492 63 141 2651 241 1818
637 63 272 3087 395 971
45723 62 244 607 360 679
11042 62 75 2516 162 615
12377 62 24 48588 102 68324
9373 62 408 59776 553 38347
12650 62 22 2173 99 38330
28437 62 238 1930 354 776
20410 62 227 2167 340 1305
9276 62 141 13036 239 20460
27491 62 197 1479 305 4819
28429 62 81 721 169 720
43360 61 146 8314 244 19633
20720 61 52 1217 134 2066
12431 61 152 4399 251 7648
9302 60 113 4921 204 3878
3167 60 37 585 115 1332
1743 60 201 606 308 590
67599 60 2 4871 73 1576
4907 60 122 1592 215 714
24331 60 253 6861 369 5887
28289 60 109 757 199 745
12467 60 2063 5269 2498 11822
24 60 76 33060 161 26745
27365 60 165 2395 265 576
12584 60 25 2222 100 5895
938 60 147 1457 244 1070
3055 60 101 1551 190 689
20363 60 144 1457 240 1051
19844 60 39 1585 117 6427
67603 60 2 2461 73 5586
77010 60 2 2057 73 1534
9287 60 167 9504 268 6895
148 59 41 4953 118 1009
12283 59 157 39739 255 7519
68633 59 1000 11226 1246 148867
66430 59 3 3053 73 1441
25894 58 79 654 162 1022
77667 58 259 43687 373 722192
24802 58 72 6318 154 5063
13286 58 89 2208 173 2684
35730 58 25 11037 98 1793
28730 58 93 3066 178 2439
20512 58 52 1408 130 1094
13125 58 89 940 174 2158
3526 58 199 3818 303 7190
20695 58 225 1927 334 1073
75311 57 195 8031 297 9901
67602 57 7 11656 76 5468
12214 57 89 19028 172 13507
82993 57 32 7324 105 2072
8574 57 6 1243 75 5966
26805 57 67 947 147 1003
5018 57 69 992 149 1021
2289 57 120 1831 209 618
15141 57 184 603 284 639
2014 57 240 666 350 806
9350 57 169 6422 267 1965
27506 56 50 691 125 598
38163 56 148 2092 241 9208
23150 56 193 755 293 573
354 56 241 1624 350 844
36078 56 28 15063 99 40959
12869 56 143 2748 235 6264
75075 56 147 10367 239 20166
35750 56 3 4403 70 19413
21691 56 170 15101 267 2329
26862 56 85 1841 166 1010
24500 56 71 6260 150 19604
20488 56 154 2952 248 1172
3270 56 152 1606 245 792
38400 56 178 574 276 570
13092 56 3 4988 70 8064
29146 55 115 1874 200 1768
26388 55 176 2172 272 1214
36796 55 86 5174 167 2624
12812 55 198 5548 298 3966
30046 55 41 2232 114 1020
27029 55 81 863 160 680
12300 55 941 26790 1172 1185
38252 55 116 981 202 1061
12489 55 193 6849 292 19127
38216 55 114 4334 199 9698
12376 55 191 6798 290 2849
13731 54 55 1271 129 862
21261 54 216 9823 318 19839
20674 54 155 959 246 1834
8883 54 11 9428 77 47055
12891 54 76 2683 154 4374
450 54 114 1082 198 1444
12270 54 46 4719 118 31010
24811 54 108 1083 191 2867
401 54 196 1552 295 1083
84664 54 57 6065 131 1282
12807 54 192 4321 290 2357
28116 53 106 1010 188 907
12279 53 53 14864 125 5531
83023 53 55 5804 128 1894
11060 53 210 898 310 883
1063 53 161 2858 252 1018
27803 53 121 3197 205 969
12808 53 32 1210 100 1585
1237 53 158 2759 249 1021
12814 52 88 1749 165 4028
12433 52 57 21801 129 7997
24761 52 85 2717 162 2172
25817 52 73 1510 148 694
10274 52 161 1873 251 897
15198 52 92 3958 170 848
9315 52 282 4148 393 4607
19805 52 74 1130 149 5514
8515 52 9 6125 72 6651
13001 52 163 3571 253 1304
10730 52 203 1696 300 1281
19796 52 67 3832 141 9911
67611 51 2 6941 63 6177
1885 51 164 859 253 586
11213 51 148 1076 235 678
24527 51 60 5254 131 8643
12407 51 34 2082 100 5696
20579 51 154 1737 242 628
13367 51 126 1991 209 988
14371 51 110 2418 190 772
28083 51 1989 667 2400 4754
12566 51 100 3518 178 11955
491 51 130 2123 214 709
3169 51 31 9768 97 2621
41450 51 97 589 175 691
20540 51 31 1056 97 1193
12523 50 71 3885 143 32561
19828 50 50 910 118 7537
3070 50 101 1892 178 717
12440 50 66 5384 137 9102
3056 50 101 3001 178 716
84028 50 52 5176 120 1629
19797 50 68 5100 139 8565
67575 50 3 4791 63 2338
27522 50 203 1533 298 985
8886 50 32 24285 97 37724
25892 50 171 942 260 683
28794 50 1982 858 2391 1375
1321 50 40 2223 106 657
24234 50 18 90268 80 55102
2465 50 216 1953 313 865
280 50 205 2191 301 797
84676 50 29 10071 93 5330
26254 49 175 1662 264 1835
27363 49 128 1869 209 2148
82322 49 49 5967 116 2088
24494 49 151 2326 236 638
20671 49 137 698 219 617
20660 49 31 1098 95 1057
25315 49 1991 618 2400 1467
2680 49 1980 585 2388 794
14703 49 47 760 114 1618
24336 49 382 7796 508 2023
27311 49 1924 788 2322 2009
1770 49 211 776 307 658
71307 49 205 13502 299 21959
27809 49 236 550 336 630
84409 49 34 7255 98 2033
24683 49 142 4243 225 1442
20563 49 158 1592 244 922
13270 49 120 1326 199 589
2771 48 185 1416 275 818
28415 48 1991 1089 2399 1334
12823 48 32 951 95 3799
30705 48 11 1357 70 556
38063 48 201 11058 293 14160
24913 48 817 4504 1018 940
3205 48 110 2829 187 697
9325 48 373 11801 496 2315
38959 48 271 1012 376 1004
12829 47 49 3042 114 2738
19871 47 153 3379 236 2554
20406 47 91 1481 163 1002
20415 47 154 1372 237 1007
83468 47 53 5767 118 1286
13162 47 134 2099 213 1193
74847 47 151 1330 233 1830
38460 47 26 11093 86 37225
12820 46 115 2815 190 1440
12304 46 27 10108 87 5043
20574 46 127 1190 204 962
12492 46 56 1953 120 19350
77567 46 899 47944 1112 76755
26991 46 1991 775 2397 3922
27665 46 191 668 279 1143
19804 46 118 1445 193 5779
21665 46 122 5979 198 10377
13234 46 90 1011 161 1200
19798 46 84 5225 154 5532
26062 46 99 933 171 699
20391 45 131 922 208 640
11506 45 159 795 240 686
25893 45 114 1813 188 984
29135 45 116 999 190 1179
9371 45 305 7765 412 4566
12218 45 720 8729 900 1098
68065 45 17 20900 73 9479
12309 45 68 7063 134 3986
26868 45 173 836 257 938
30777 45 39 1989 99 1944
541 45 261 2172 361 700
19795 45 85 3636 153 11102
13022 44 15 31777 70 19388
38297 44 3 2854 56 119166
26283 44 228 796 320 566
50082 44 239 196203 334 248314
3179 44 208 2900 297 1992
9334 44 181 22648 265 2236
12179 44 99 10413 169 10879
32642 44 79 2178 145 562
5038 44 64 1953 128 852
1738 43 152 881 230 1387
24746 43 85 1734 151 1442
76453 43 38 37105 96 38469
14519 43 251 694 346 558
8889 43 31 6953 88 23768
28432 43 170 811 251 553
1370 43 138 1310 214 1997
9292 43 280 3722 380 3336
19870 43 50 5899 110 8130
83532 43 59 5205 121 1190
9265 43 50 25912 110 15041
30756 43 11 1224 64 904
19737 43 4547 66019 5400 32644
20673 43 171 2308 252 706
1767 43 282 1545 383 1081
12399 42 37 3474 94 1758
10430 42 90 4361 156 781
34873 42 1945 693 2338 1419
13157 42 170 3221 250 1516
1066 42 160 4131 238 823
12421 42 76 61668 139 24265
2095 42 110 2970 179 827
20556 42 152 2174 229 1005
23172 42 1906 719 2292 715
20482 42 139 966 213 870
2524 42 1980 685 2379 858
3413 42 101 2393 169 800
1498 42 151 796 228 3475
36092 42 30 196471 85 219313
12415 42 8 4150 59 46506
12230 42 46 14574 104 16350
12286 41 86 2935 150 1938
36793 41 85 12415 149 20831
12171 41 52 6257 110 22865
24565 41 18 4746 70 1247
38333 41 220 3278 308 717
562 41 287 858 387 556
20677 41 40 1703 96 1043
26733 41 41 1013 97 723
24590 41 144 4020 218 3298
13105 41 118 1848 188 1878
11059 40 125 1831 195 594
21671 40 283 9468 381 9718
10268 40 112 1719 179 2097
13243 40 70 1299 130 4281
24665 40 168 3023 245 1799
36675 40 281 1120 378 648
3086 40 101 2453 166 957
77686 40 101 29310 166 89333
13436 40 128 1670 198 1399
27474 40 2062 836 2474 1488
9436 40 91 3002 155 3750
66428 40 2 2870 50 932
20414 40 130 1235 200 899
23258 40 1994 754 2394 1018
20416 40 128 1549 198 957
24781 40 74 1717 135 1500
19817 40 39 883 93 10524
27341 40 131 2207 202 1024
12222 40 23 20186 75 20805
12352 40 28 24419 80 21520
75015 39 212 11495 296 108393
19709 39 373 52654 485 432052
13268 39 104 2963 169 1748
75784 39 54 9283 110 14963
3144 39 271 2550 365 6261
395 39 102 3388 167 657
20481 39 190 1339 270 726
3490 39 218 1852 303 4594
67377 39 16 12696 65 183164
1372 39 135 1268 205 937
24274 39 374 93888 487 89645
12227 39 17 21978 67 4612
24366 39 175 19973 252 18219
24823 39 129 959 198 1507
24355 39 182 14669 261 21776
12410 39 67 18947 125 16881
20362 39 151 1950 224 1350
12199 39 284 14204 380 14113
12182 39 6 3961 53 24326
13066 38 81 568 140 2830
35733 38 216 13760 299 5286
13194 38 89 1906 150 3200
13096 38 25 9603 75 4179
20387 38 34 873 85 799
12817 38 26 3082 76 2320
34514 38 115 566 181 662
67525 38 2 5576 48 2694
20549 38 91 1051 152 972
12870 38 800 2989 986 15638
20510 38 59 874 115 759
11355 38 119 1650 185 608
13257 38 30 3861 80 3378
8885 38 9 5592 56 15033
28834 38 52 770 107 649
12574 37 47 5776 99 10006
12244 37 24 9788 72 85831
12342 37 86 15430 145 44105
12354 37 324 30853 425 8436
3143 37 227 2303 311 6848
24668 37 182 4564 258 2421
2405 37 122 2000 188 841
1882 37 128 1424 195 592
12168 37 71 8738 128 17425
77643 37 116 39220 180 305880
13356 37 113 4686 177 810
12918 37 26 1770 75 8806
8816 37 5 4147 50 10588
24793 36 77 1439 133 1849
24465 36 38 7118 88 6034
24306 36 298 7034 394 7255
36047 36 21 2527 68 5453
68708 36 78 1250 135 984
12296 36 31 5536 79 3814
11664 36 324 1377 424 803
9461 36 829 6170 1018 11366
9355 36 341 4447 444 1989
50077 36 94 1552 153 15045
62980 36 27 1926 75 3426
73034 36 7642 8229 9034 11904
67608 35 2 3211 44 25243
21663 35 318 7761 416 7084
8876 35 47 2806 97 6689
26998 35 1992 667 2385 2809
13747 35 42 1169 91 601
74982 35 122 16592 185 108066
13373 35 66 2684 119 830
69101 35 78 2500 134 1081
24743 35 112 2155 174 1865
13357 35 61 2588 114 704
12359 35 1 6243 43 5575
26168 35 134 2013 199 701
20738 35 168 3665 239 1034
19189 35 4 4531 47 1209
2557 35 125 981 189 734
13371 35 181 691 255 713
28883 35 36 932 84 655
43363 35 150 6774 218 14517
13437 34 133 804 197 666
24617 34 132 1264 196 17148
15580 34 204 604 280 632
38062 34 198 17512 274 17622
9274 34 318 4175 415 1955
21661 34 136 64749 200 2653
11352 34 117 1341 178 631
20397 34 155 1588 223 1005
12836 34 340 1764 440 3422
24755 34 101 1542 159 3468
71 34 113 881 174 1183
1040 34 220 2721 299 933
13147 34 59 2804 110 3833
12472 34 247 3567 331 4623
26257 34 97 5121 155 1174
12441 33 2 1251 42 22548
2259 33 115 1111 175 698
12372 33 3 590 43 7630
27361 33 123 1444 184 1754
38200 33 116 1003 176 656
19734 33 611 21537 758 71967
83776 33 71 6526 123 1388
27342 33 124 1599 185 577
24632 33 255 1219 339 11978
38249 33 128 1585 190 563
25275 33 2001 618 2394 1362
28298 33 90 1130 145 1681
36657 33 151 2173 217 745
69 33 120 1668 180 636
8887 33 4 901 44 54705
24287 33 202 12925 277 24419
36083 33 309 5608 403 8113
77626 33 74 1821 126 5096
1888 33 131 1978 193 1937
38206 32 171 808 239 5789
28605 32 146 930 210 609
12712 32 410 1190 520 1224
25866 32 96 1867 151 1091
83787 32 72 6670 123 1021
38450 32 52 345820 99 842760
12302 32 36 3244 80 5966
12439 32 31 25322 75 16410
13102 32 6 5513 45 48978
20575 32 43 760 89 1046
71049 32 64 3517 113 61286
32348 32 93 1408 148 645
27660 32 143 3432 207 817
12323 32 7 8439 47 14315
19806 32 78 1187 130 4521
20524 32 181 831 251 1318
20572 31 127 1905 186 607
10900 31 114 2244 171 567
1737 31 111 3238 168 1074
27340 31 104 2217 159 906
27344 31 100 813 155 646
13060 31 51 3177 97 2556
27987 31 52 1534 98 558
21662 31 233 4435 311 6238
21672 31 265 8577 349 3698
8881 31 7 8006 45 56325
13345 31 99 1208 154 1060
633 31 120 1269 178 845
20412 31 31 1066 73 847
13313 31 93 1300 147 2353
77651 31 97 72208 151 171015
28300 30 75 1525 124 1606
12203 30 4 5830 40 1522
8621 30 4 3061 41 17598
13507 30 105 1326 159 706
2010 30 106 1041 160 1644
12468 30 241 6554 319 12376
12456 30 70 29797 118 33271
12833 30 27 1951 68 5055
26649 30 2038 678 2434 3137
38461 30 45 15867 89 58492
12241 30 145 39119 206 40393
9378 30 354 2181 452 654
2258 30 106 1626 160 1102
12734 29 8 1878 44 14942
20705 29 44 772 87 1648
8624 29 5 1127 41 113448
1497 29 105 988 158 982
12509 29 106 21495 159 48371
26160 29 93 2166 144 655
24223 29 20 4761 58 2280
13148 29 77 2793 125 3488
13176 29 8 1635 44 7389
36753 29 3 2450 38 11424
3184 29 225 1053 299 3928
82806 29 311 24551 400 1802
26251 29 95 631 146 741
1898 29 104 1122 157 915
20661 29 40 2289 82 1151
13153 28 75 1965 122 1209
28822 28 181 1043 247 671
19930 28 324 3238 415 4086
3133 28 34 2170 73 1600
13263 28 57 3028 100 2980
28114 28 94 3803 144 566
13353 28 116 1133 170 666
38205 28 91 1609 140 2732
27985 28 89 1619 138 913
19713 28 201 32765 270 223770
9278 28 92 31068 142 9198
24293 28 480 22810 598 31936
20740 28 35 1897 75 1378
8583 28 8 5979 43 75692
1769 28 302 1883 389 909
1778 28 283 1896 367 1077
24324 28 142 54750 201 69934
27131 28 1970 655 2351 1930
24838 28 99 3061 150 2013
20659 28 40 760 80 1252
24872 28 46 892 88 41623
27653 27 108 1672 159 867
24790 27 91 4104 139 1653
13245 27 58 16905 100 9577
28800 27 58 891 100 658
9290 27 273 2994 353 2081
24867 27 138 3281 195 1365
28281 27 80 1131 126 743
9358 27 170 16931 232 1337
21670 27 652 6587 799 3095
12911 27 69 2474 114 1611
38247 27 117 3034 170 673
9352 27 228 6558 300 2651
24588 27 139 3795 196 4684
567 27 284 2311 366 919
24893 27 110 1010 162 1737
9270 26 101 12777 150 5259
20721 26 48 1192 88 1150
24662 26 138 3645 193 2002
20733 26 45 1664 84 842
27032 26 104 1216 154 829
68366 26 5 1968 37 96457
12173 26 2 567 34 24579
19872 26 88 2132 135 4366
12380 26 8 3428 40 3939
3318 26 41 1609 79 2806
37157 26 67 2016 110 2149
12541 26 124 1881 177 7671
12225 26 37 47437 75 48501
38051 26 143 20661 199 2522
20535 26 40 1082 78 720
24758 26 68 2927 111 1839
27317 26 89 718 136 696
20709 26 42 1011 81 686
20706 26 42 1441 80 851
20388 25 38 643 75 689
152 25 108 1980 157 801
47785 25 2001 569 2384 1990
9361 25 273 3064 351 906
12580 25 79 2638 123 3130
75686 25 3 5571 33 3192
8902 25 24 4299 58 8432
38423 25 124 1505 176 672
72315 25 1526 6025 1825 2849
20702 25 43 1127 80 1160
20701 25 41 895 78 674
77662 25 58 5100 98 5274
19926 25 60 718 100 6348
20688 25 43 1394 80 1106
1741 25 287 1849 368 1057
19711 24 481 18764 595 181054
12416 24 44 25344 80 25441
9374 24 185 4433 247 1629
9365 24 399 5995 498 10151
11058 24 120 1967 170 1238
24507 24 41 1521 77 17325
24464 24 46 9685 83 10029
36102 24 83 9162 126 5456
20734 24 43 1727 79 890
20715 24 38 1326 73 735
14199 24 61 1586 100 675
20473 24 43 1216 79 551
2977 24 186 789 248 609
19818 24 55 1490 94 11227
9282 24 294 6782 375 5649
19759 24 333 11908 420 24346
83701 24 73 7121 115 1139
10472 24 76 1802 118 561
10460 24 107 2555 155 1019
38469 24 60 73905 99 72504
36108 24 4 883 34 159648
9440 24 140 9529 194 48329
20378 23 43 1608 78 567
24864 23 135 3187 186 1359
3204 23 38 3662 72 993
28563 23 2016 592 2399 4634
27353 23 108 1035 155 1073
73139 23 35 8385 69 17283
12818 23 185 6719 245 1549
20698 23 42 2872 77 616
12293 23 43 5391 78 8308
24535 23 45 4695 80 20926
38463 23 60 23088 98 20410
12246 23 80 26993 122 34990
73113 23 18 28304 49 921821
20569 23 164 1461 220 943
38250 23 100 3430 145 1000
21679 22 140 38423 191 9723
20754 22 40 884 74 765
21654 22 369 21602 460 1493
27346 22 102 2667 147 617
20723 22 44 585 78 1116
24345 22 173 80382 230 27225
20718 22 40 4269 74 1183
15564 22 80 2397 120 601
25882 22 78 677 118 591
24808 22 138 3684 189 4310
20528 22 38 639 71 882
20690 22 44 657 78 1258
26732 22 69 994 108 951
20681 22 40 639 73 686
68634 22 140 51811 191 491377
1378 22 104 1449 149 676
19765 22 14 7000 43 22366
19680 21 101 51638 144 61192
3182 21 222 1950 286 4386
21674 21 140 14140 190 15930
609 21 291 2480 368 963
9433 21 52 7108 87 5656
9431 21 6 12569 32 39922
12434 21 30 4865 60 25023
12443 21 30 12331 60 6475
9329 21 1555 3941 1855 1170
24477 21 23 565 52 3491
9293 21 279 20528 353 17391
13032 21 4 816 30 40488
27038 21 233 1083 299 640
20697 21 45 1084 78 767
38465 21 58 19737 93 35158
28901 21 84 1415 124 1071
75270 21 27 8329 57 46840
11040 21 102 5591 145 680
19778 21 37 928 69 8851
24286 21 297 61709 375 21704
20713 21 42 1174 75 757
33345 21 4 1243 30 4171
74268 20 17 22929 44 174908
20736 20 42 668 73 939
24534 20 31 5727 60 12919
20737 20 41 1823 72 983
68943 20 82 1758 120 588
82680 20 2106 1126 2502 1980
9279 20 221 12992 284 3478
26114 20 1992 569 2368 2028
24285 20 79 33718 117 68114
20700 20 31 9828 60 1261
10273 20 108 2334 151 600
43773 20 516 206314 631 410315
12217 20 48 5371 80 19676
77576 20 277 43031 350 443761
12224 20 17 6644 44 44421
12149 20 25 5912 54 3834
20666 20 42 1084 73 826
24789 20 7 4685 32 1987
28136 20 76 3406 114 773
1476 20 266 1012 337 991
8592 20 12 18388 38 16985
12262 20 2 2394 27 16396
28600 20 100 3641 142 553
20436 20 44 794 76 1042
67589 20 2 5838 26 12252
67605 20 2 1022 26 7963
38471 20 55 12582 89 31783
20728 20 44 792 76 1008
12308 20 5 22808 30 12663
24752 19 82 1498 119 2049
20464 19 43 843 73 909
20497 19 45 1810 76 1263
84696 19 40 2565 70 3906
8550 19 5 11425 29 37312
24467 19 60 8245 94 15718
27966 19 78 1310 115 702
12236 19 197 74012 255 44489
20710 19 43 851 73 789
9353 19 423 11107 520 2839
12170 19 335 7811 417 7423
8594 19 6 3616 30 20157
3377 19 105 2806 147 612
77699 19 38 137276 68 2629531
19766 19 40 6189 70 8480
15566 19 65 2807 99 706
24348 19 87 59466 125 69006
26413 19 74 871 110 881
20383 19 43 572 74 1315
19714 19 644 22071 780 76783
20716 19 42 863 72 579
20576 19 155 1670 205 1163
19742 19 243 36987 309 165655
68364 19 3 2494 26 277699
20437 19 43 1163 74 762
20729 19 46 1646 77 1345
19730 18 306 116526 382 94366
28431 18 125 933 169 1141
12349 18 3 10085 25 17666
19859 18 38 1503 66 4703
20744 18 43 1168 72 882
12356 18 23 43044 49 23064
20712 18 40 1336 69 964
20394 18 45 1170 75 1004
36821 18 6 12447 29 3892
20696 18 45 654 75 629
20669 18 40 812 69 945
20434 18 44 1404 73 1210
20515 18 44 1196 74 1049
20664 18 44 696 73 780
12228 18 2 1061 24 28333
24750 18 192 3515 248 6259
20521 18 161 1551 211 887
27815 18 309 819 385 656
9319 18 193 19790 249 3080
20527 18 44 780 74 1115
77579 18 35 112796 63 1402891
9264 18 50 11446 80 5353
12594 18 657 1827 795 1252
26153 18 84 1763 121 838
20444 17 41 1271 69 1114
26248 17 74 1803 108 589
12953 17 1018 854 1218 2090
77632 17 163 12423 212 105337
24297 17 64 20988 96 62252
20732 17 42 1089 70 1227
20682 17 42 675 70 938
20384 17 45 1904 74 842
71069 17 58 6978 89 62777
20560 17 44 1429 72 1146
24349 17 433 17228 530 29045
12229 17 232 134062 293 24108
20422 17 45 1767 73 792
20727 17 51 608 81 1198
3525 17 238 2706 300 1274
38467 17 66 17401 98 22998
29163 17 37 1085 64 2135
338 17 107 1912 146 719
20546 17 42 1071 70 688
20759 17 42 974 70 927
20725 17 38 1394 65 717
24471 17 42 4102 70 22299
20756 17 41 755 69 965
20603 17 45 2089 73 838
1749 17 296 1498 369 887
24275 17 518 41223 630 84886
12444 17 14 5453 37 20071
20704 16 43 764 70 966
24292 16 196 45112 250 45733
38399 16 75 2404 108 560
12531 16 77 9348 110 79423
72296 16 20 2670 43 20846
10405 16 237 2129 298 840
24650 16 139 3488 183 4036
20522 16 40 900 67 1287
20676 16 46 1311 74 1527
20675 16 45 1457 72 1008
20573 16 74 1333 106 1067
12333 16 11 45325 32 209170
24832 16 95 3679 131 1627
9367 16 200 5223 255 3031
12429 16 16 169610 38 235262
21690 16 157 19863 204 6376
12831 16 28 2370 52 5068
19712 16 636 39554 768 88701
19784 16 36 657 62 12253
27652 16 94 2535 130 803
28551 16 123 1163 164 1013
20379 16 46 792 73 1125
70426 16 93 13923 129 42810
36038 16 406 180093 497 3928370
20717 16 43 1258 70 667
8579 16 18 8019 40 95058
67383 15 13 11693 34 48440
38134 15 78 109600 110 414092
12435 15 10 1436 30 28813
36066 15 14 6728 35 7073
67612 15 2 1171 21 10920
27195 15 78 1441 110 724
29134 15 57 2917 85 1197
2184 15 68 1577 98 1025
24760 15 20 3668 42 1988
83677 15 86 5239 119 1893
29164 15 70 1827 100 1098
24353 15 51 31568 78 75426
12355 15 7 19091 26 6516
335 15 41 6326 66 755
21673 15 227 19631 285 10158
19758 15 16 11031 37 281283
8495 15 5 1209 24 56458
24280 15 89 43486 123 208016
12929 15 11 1415 31 3974
20703 15 42 2341 68 1199
24466 15 40 6945 65 38791
36064 15 40 5285 65 5815
27291 15 2008 621 2380 1470
20672 15 48 1186 75 938
13159 15 22 2221 44 4122
8893 15 13 11238 34 60085
24805 15 79 3177 111 2543
12129 15 8 2463 28 9245
12379 15 2 31704 20 21135
69213 15 78 1716 110 632
38133 15 44 131955 70 692784
26899 15 88 1921 122 671
20758 15 44 2309 70 1641
20457 14 44 600 69 1187
20477 14 44 602 69 1131
20554 14 44 2018 69 925
36828 14 25 14091 46 6055
20739 14 44 2517 69 618
20708 14 44 873 69 636
381 14 74 1109 104 948
20403 14 50 716 76 1109
20405 14 46 1299 71 1148
71581 14 327 69868 402 176514
24314 14 59 56565 87 132498
20730 14 45 1186 70 814
12511 14 87 26341 119 102198
20385 14 42 842 67 1003
21659 14 152 14977 196 9415
12997 14 17 2780 37 3184
12500 14 326 2786 400 1612
1122 14 235 1816 294 1250
12930 14 10 933 29 3096
9377 14 267 6082 331 2183
33360 14 3 11189 20 5679
20687 14 44 571 69 1025
20668 14 45 1389 70 902
20686 14 45 1100 70 868
20692 14 48 1691 74 1861
20433 14 45 1802 70 1372
67610 14 2 2449 19 12868
50039 14 3 9717 20 496407
24822 14 8 1379 27 2390
20742 13 45 1504 69 1348
21158 13 178 16722 225 36624
12539 13 21 202575 41 20676
12430 13 482 47490 583 12415
12400 13 11 23819 29 4954
12396 13 4 46364 21 167215
12382 13 4 47390 21 78511
82582 13 62 20071 89 60388
601 13 276 2098 340 797
8933 13 8 5746 25 8116
8535 13 15 77044 34 37838
36101 13 29 9804 50 5294
34849 13 2026 583 2399 1180
29154 13 71 2173 99 756
19727 13 217 222765 271 275889
19735 13 455 183629 551 150483
70842 13 214 64803 268 150391
20533 13 44 1637 68 1172
20542 13 46 969 70 1240
20607 13 46 800 70 908
13099 13 72 3398 100 3357
24885 13 32 2247 53 5005
20665 13 46 1674 70 1008
20667 13 45 1291 69 1163
20684 13 46 1362 70 996
20711 13 44 1104 68 805
20726 13 46 1696 70 1041
36777 12 4 21062 19 10406
76915 12 2 1833 17 3263
20757 12 52 910 76 1429
19725 12 203 60547 253 425740
12536 12 52 22816 76 71426
33343 12 6 5470 22 3129
36045 12 15 4510 32 3324
12191 12 2 38787 17 14247
12811 12 24 1058 43 2215
20597 12 45 1544 68 1214
38127 12 3 11482 18 212818
12135 12 59 61752 84 148631
20693 12 45 933 68 1292
12504 12 90 24952 121 116100
12272 12 30 32292 50 68312
33355 12 4 1541 19 8772
12393 12 4 62081 19 48729
12527 12 8 63828 24 43475
164 12 104 1489 137 770
24837 12 7 7073 23 5139
20316 12 36 1027719 57 701819
13269 12 128 2862 165 1008
12427 12 235 8135 291 22738
12210 12 2 11189 17 97778
12361 12 7 21987 23 4664
28850 12 114 1893 149 649
20442 12 53 860 77 1383
20505 12 44 3576 67 2995
12408 12 5 25422 20 11176
12316 11 14 9119 30 16973
24611 11 132 1623 169 35024
12335 11 37 40625 57 123275
24273 11 91 27838 121 71638
12295 11 4 32982 18 683366
24816 11 17 2795 33 4981
12530 11 6 72908 21 51488
36084 11 17 101008 34 1222842
9343 11 581 6013 697 1054
36682 11 233 1349 288 1631
75857 11 17 12633 34 132921
19761 11 74 26060 101 34610
28985 11 67 629 92 756
2220 11 71 3951 97 807
3022 11 91 700 120 2533
28832 11 51 1927 74 603
24470 11 51 3641 73 19955
13193 11 159 1466 200 2763
12387 11 4 67682 18 96613
2209 11 71 1587 97 627
34484 11 96 1693 127 631
12374 11 2 4780 16 7568
83757 10 80 26585 107 77947
29165 10 39 2351 58 692
12169 10 28 40342 45 42995
12163 10 488 35746 587 17333
24890 10 32 2758 50 4936
73096 10 24 6380 41 13552
77747 10 15 55224 30 96498
12736 10 11 6108 25 1413
12269 10 23 18012 39 25293
36782 10 1 40990 14 71336
24742 10 7 3552 21 4223
75862 10 193 8369 239 49490
24674 10 141 4109 178 3427
71440 10 2 878 15 5362
71692 10 22 7493 38 93474
1099 10 252 1452 309 1238
66410 10 74 2441 99 1830
24291 10 62 36447 85 91410
38215 10 13 1830 28 6175
8591 10 16 2499 31 20379
29145 10 63 1036 87 1218
38294 10 309 9434 376 24753
12184 10 1 24249 13 225963
2218 10 70 1508 95 1368
12366 10 3 21211 16 49616
38301 10 4 20698 17 68563
24566 10 141 3453 178 1102
8901 10 21 18647 37 7744
71398 10 57 3257 79 2212
12142 9 299 110318 363 31001
24360 9 53 42221 73 159248
24780 9 19 10780 33 2732
29054 9 75 2249 99 728
12549 9 1 15953 12 53735
21675 9 50 35051 70 98267
24810 9 7 3526 19 3346
83730 9 4 12364 16 7515
24826 9 109 715 139 1488
19173 9 9 1606 22 2703
24888 9 32 1444 49 5060
24889 9 42 4130 61 16054
12390 9 2 44929 13 20083
12422 9 1 1934 12 51833
43449 9 1950 3614 2305 29402
38128 9 3 1155644 15 2679054
19814 9 505 1656 605 1816
10388 9 108 1716 138 606
12348 9 26 30669 42 24163
71952 9 13 4653 27 75182
12413 9 13 14275 27 6420
12205 9 1 753 12 16726
19741 9 126 83766 159 423242
12351 9 39 26051 57 51811
29140 9 70 2992 94 979
81837 9 33 51293 50 76417
19865 9 19 1024 33 7645
13255 9 33 1111 50 3155
12331 8 101 39996 129 55744
38124 8 3 2336 13 233473
44646 8 5 93654 16 72843
24343 8 18 26505 31 104407
3023 8 101 3102 129 1191
12738 8 5 9108 16 7214
36062 8 12 4194 24 3023
36049 8 19 5261 32 2634
1751 8 280 1535 339 957
19681 8 433 25441 519 136303
12882 8 76 906 99 3182
24886 8 33 1130 49 5229
67609 8 2 851 12 11373
36767 8 3 5281 13 15206
13000 8 19 4048 32 138420
24824 8 7297 2294 8595 1992
24792 8 7 3583 18 1891
36103 8 23 5540 37 3488
12234 8 37 82895 54 280031
12476 8 211 7347 258 44535
33344 8 4 1520 15 2109
24759 8 23 12607 37 2641
36755 8 43 3978 61 14798
12403 8 13 15548 25 21895
1949 8 253 1588 308 1115
21160 8 3 19682 14 76807
24751 8 7 1342 18 2188
24745 8 8 4480 19 11432
22331 8 195 87789 239 5390
12187 8 1 1779 11 9452
67555 8 3 4847 13 1920
12436 8 1 2268 11 171016
13253 8 24 1454 38 3484
26059 8 77 676 100 916
24677 7 166 3708 204 1901
35747 7 4 5168 13 23005
76618 7 2 2087 11 4695
12143 7 35 192925 50 210089
12133 7 14 8446 25 4477
24804 7 8 4311 18 4481
24819 7 19 3174 31 11730
12291 7 1 9504 10 28728
75241 7 131 36984 163 173870
29157 7 51 992 69 622
12327 7 15 24011 26 26272
83103 7 25 422970 38 302485
82866 7 49 21035 67 23256
12213 7 2 3719 11 52957
13236 7 10 611 21 10353
71003 7 4 8413 14 5151
19724 7 157 153139 194 338391
38204 7 9 1970 19 1941
19710 7 78 76400 100 147376
24526 7 36 1980 51 21061
19688 7 609 33325 725 122993
12507 7 22 62239 35 122874
24506 7 38 1918 54 36916
9327 7 204 16423 249 2117
69325 7 102 2730 129 686
68482 7 2 939 11 13139
67604 6 2 5313 10 19977
12253 6 42 38576 57 427212
12540 6 51 5309 68 5210
24718 6 16 4187 26 11776
12438 6 2 119467 10 100200
303 6 219 1798 265 712
12417 6 2 67678 10 109646
12402 6 6 50615 15 21783
537 6 270 1772 325 1126
36817 6 2 39455 10 16614
12442 6 2 60275 10 30661
12423 6 15 10910 25 22019
12254 6 36 21723 50 173718
68047 6 72 8010 92 29311
77750 6 5 168363 13 984362
12345 6 6 32842 15 14914
75694 6 65 14150 84 77426
12512 6 106 39506 132 23204
12305 6 5 20697 14 49343
12298 6 3 4069 11 8392
83284 6 10 56365 19 612160
24329 6 67 150246 87 752423
3139 6 40 629 55 817
36740 6 6 3153 15 6873
50038 6 1 1005 9 549759
12385 5 1 2133 8 236840
24749 5 91 1592 114 1243
12735 5 3 36680 10 13906
68438 5 9 47967 17 119363
19726 5 100 949281 124 569128
68439 5 13 16575 22 11294
12226 5 2 4072 9 3066
12221 5 2 11652 9 45368
12729 5 5 23706 12 6342
24638 5 140 3414 171 1898
9338 5 311 12261 372 4652
12319 5 1 215497 8 69546
24653 5 136 3412 166 2689
29051 5 75 2655 95 1091
29148 5 86 1074 108 1253
10409 5 250 1655 300 976
29161 5 66 1673 84 1143
12329 5 26 18610 37 91841
19747 5 112 131222 138 788090
24825 5 19 2613 29 5114
77604 5 674 61591 799 951221
9406 5 14 3060 23 11729
24469 5 46 4811 61 20053
77630 5 27 46740 38 1032897
77112 5 12 5818 21 75667
19745 4 26 173224 36 7096951
70820 4 15 231469 23 5958399
11658 4 522 778 619 575
12344 4 4 20054 10 15341
1044 4 258 1307 309 1112
12384 4 1 29434 6 46659
12341 4 26 26804 36 152877
3510 4 257 1238 308 7457
19701 4 98 118907 121 1098292
29152 4 143 1233 173 891
12324 4 3 33761 9 138414
19685 4 200 61052 241 289466
19684 4 46 94724 59 1395525
29162 4 88 620 109 1509
12282 4 5 17711 11 10295
9312 4 268 4596 321 589
12128 4 30 26279 41 312675
67556 4 2 2670 8 4517
36076 4 1 1209 7 4944886
12733 4 1 6203 7 21770
12157 4 5 137654 11 107007
12739 4 2 19768 8 7971
1479 4 253 1422 303 1294
1351 4 263 2013 315 992
1354 4 270 1505 323 709
74616 4 370 1450 440 1716
24249 4 4 11758 10 88461
878 4 261 1448 312 908
307 4 251 1668 300 791
24272 4 25 151014 35 260219
43351 4 3 7587 9 25840
12207 4 9 17881 16 1297
12398 3 3 24212 8 71104
12587 3 676 1319 799 2623
71641 3 2 181045 6 5413731
21156 3 5 118316 10 447923
21655 3 468 13249 555 1858
50044 3 1 2280 5 408196
3146 3 214 2036 256 4603
12501 3 5 16238 10 106166
36081 3 2 14514 6 1779928
8898 3 19 11313 27 20479
12381 3 3 249848 8 240247
12537 3 12 11782 18 271870
12158 3 7 69183 12 119025
24317 3 2904 3714 3420 1975
8899 3 18 6844 25 19300
29103 3 103 559 125 576
19686 3 361 29949 429 153925
19793 3 29 60585 38 73393
12360 3 2 42308 6 37776
21157 3 3 79227 8 706444
24279 3 19 28677 27 151753
35743 3 8 7383 13 14649
26529 3 92 1232 112 1260
8576 3 16 7789 23 116217
24296 3 12 73303 18 851750
24614 3 136 2161 164 47498
67600 3 2 795 6 15646
24501 3 51 6044 64 26072
12204 3 2 1149 7 17030
35749 3 2 1698 6 21410
12301 3 2 14461 6 19826
38131 3 9 519616 15 4903742
46747 2 148 197488 177 110344
67783 2 2 12125 5 26956
12334 2 7 1244 11 1522008
12336 2 7 6793 11 245143
12153 2 7 141034 11 75436
70791 2 13 789 18 3735
19792 2 6 58442 10 256916
19794 2 23 93221 30 84682
26514 2 90 1216 109 1045
12238 2 3 30337 6 1265958
12271 2 3 3569 7 193695
12353 2 2 14953 5 27828
24644 2 168 2646 201 832
12358 2 4 64396 8 20372
12365 2 1 4928 4 95621
28611 2 83 766 101 807
12388 2 2 25306 5 435042
9349 2 316 10832 375 5170
24521 2 234 38733 278 56518
1184 2 263 2086 312 1267
1189 2 267 1728 317 907
12732 2 2 7627 5 42677
42006 2 192 52213 229 22137
77214 2 3 8728 7 5633
24284 2 13 49652 18 422486
12313 1 1 10254 3 40445
8920 1 254 11786 300 120020
24342 1 6 9474 9 618726
29158 1 57 4891 69 1417
12318 1 2 73892 4 77884
12243 1 14 29946 18 232587
9364 1 168 10346 199 1940
26528 1 97 871 116 913
24290 1 7 130980 10 607688
19924 1 47 134198 57 127434
38130 1 2 6925319 4 17375745
12186 1 11 23993 15 5376
12255 1 31 179958 38 566578
48717 1 2 258257 4 1980995
12258 1 14 269974 18 1012679
24347 1 27 75177 34 177909
29143 1 61 988 74 1562
24346 1 5 108609 8 2319204
19704 1 6 103050 9 330443
12161 1 33 39707 41 233156
74266 1 11 89985 15 1739072
12156 1 7 165576 10 306248
24563 1 142 6186 169 1669
62942 1 9 316168 12 109451
12419 1 4 58719 6 421844
12146 1 2 11168 4 24331
19791 1 47 63482 57 56266
19790 1 64 98513 77 134479
19789 1 15 98400 19 85639
38201 1 87 2665 104 1031
12506 1 13 32790 17 207426
47582 1 101 642 120 651
12548 1 1 13642 3 63868
36179 1 17 13539 22 25390
3298 1 40 758 49 1008
9271 1 265 13923 313 1542
24887 1 33 1641 41 4330
24356 1 83 168646 99 3160731
12452 1 200 16495 237 66100
24635 1 134 2609 159 41435
12493 1 2 9054 4 326876
32817 1 159 868 189 676
1338 1 259 1735 306 815
19775 0 17 1174 19 19715
12247 0 5 20067 6 477597
12521 0 2 13464 3 245998
12201 0 1 42007 2 36762
12200 0 7 48434 8 19346
12505 0 8 4739 9 300545
12190 0 2 45835 3 50198
12188 0 3 36805 4 33865
12250 0 7 165109 9 1415611
19762 0 17 1297 19 31058
12261 0 2 27520 3 115128
38132 0 22 340669 25 5161255
12177 0 21 92642 25 40426
24620 0 137 3050 162 42911
12174 0 5 84736 6 292588
19679 0 174 125271 204 80888
12155 0 10 98883 12 169524
28562 0 121 565 142 1031
12147 0 34 190329 39 161553
12136 0 8 202513 10 259318
12130 0 3 10571 4 28821
19782 0 17 726 19 28526
19783 0 5 2774 6 80619
19787 0 6 2469 7 41209
12426 0 50 24693 59 26379
12425 0 1 34727 2 218574
12289 0 1 3529 2 421344
12290 0 1 7726 2 61186
19822 0 6 708 7 268599
19757 0 19 21693 22 385681
12311 0 1 71213 2 46679
12312 0 1 18096 2 27108
12314 0 2 111743 3 256930
19750 0 17 187832 19 119533
12317 0 3 2907 4 13310
12418 0 1 106786 2 319567
12322 0 1 3913 2 239378
38135 0 84 1994458 98 6247731
12332 0 6 1029 7 790944
19746 0 47 100154 56 3257930
12513 0 1 10804 2 246199
13184 0 8 856 10 26283
8866 0 3 1250 4 36375
8849 0 3 2405 4 62449
8872 0 3 1683 4 20763
19744 0 461 30197 543 99223
38448 0 8 798294 9 4905743
8878 0 3 951 4 69819
12401 0 22 38208 27 17459
8867 0 3 674 4 167080
8882 0 3 750 4 522063
8884 0 9 5952 11 23538
12389 0 9 63686 10 31508
12357 0 2 18929 3 213935
12383 0 1 19261 2 155703
8868 0 3 12500 4 182826
21686 0 340 8772 399 2116
8892 0 3 3403 4 195573
24573 0 17 1763 19 38018
26689 0 79 942 92 929
12535 0 33 37103 39 85277
12373 0 1 3708 2 48783
8897 0 24 22617 28 13619
36077 0 1 601 2 1468959
36074 0 1 2802 2 2148564
1488 0 260 1435 307 1116
12364 0 2 17020 3 99491
12362 0 2 52442 3 43674
630 0 300 2421 352 795
12216 0 1 23223 2 81515
12215 0 1 14755 2 42675
12208 0 2 28463 3 50640
24659 0 132 1203 155 18610
24278 0 4 24323 5 977196
8843 0 3 3876 4 20248
12458 0 39 3392 47 37476
21161 0 5 112042 6 460935
35744 0 9 29043 10 7993
12532 0 7 836 8 499751
24309 0 95 68246 111 89783
12508 0 8 750 9 982159
19703 0 9 214444 10 16273185
8842 0 3 1825 4 35472
12730 0 1 13974 2 19916
8864 0 3 41472 4 154862
13087 0 5 1259 7 11360
24352 0 4 31756 5 376982
50045 0 15 17028 17 554906
24359 0 7 59515 8 1485965
12510 0 11 42405 13 451785
19687 0 21 380111 25 2771292
12497 0 6 68385 8 77506
24503 0 93 7797 109 13314
68944 0 8 2202638 10 10317589
9344 -1 212 6937 248 3796
24468 -1 52 3202 60 16456
24623 -1 136 3628 158 29486
24282 -1 81 141422 93 4064543
12276 -1 91 32032 105 186659
861 -1 262 2780 306 1216
29155 -1 58 1621 67 13281
38449 -1 16 921587 17 522532
43361 -1 371 9685 435 197345
8900 -1 18 5954 19 52456
24666 -1 19 595 21 2154
8903 -1 19 10592 21 5659
19718 -1 99 593219 115 261729
82488 -2 138 44663 160 15178
27312 -2 99 557 113 1062
66522 -2 45 8020 50 120015
26532 -2 96 997 110 989
24354 -2 240 45275 280 19859
19700 -2 22 1689336 23 4495905
41567 -2 8518 1390 10018 1632
12404 -2 19 44892 20 16381
849 -2 261 724 304 936
24472 -2 36 1903 39 26594
24344 -2 47 22032 52 114669
24242 -3 128 1458 147 10857
24504 -3 37 1014 39 28884
27306 -3 96 1702 109 969
49424 -3 92 637546 104 1160794
12363 -3 37 48535 40 15956
24341 -3 95 338243 108 2704678
36681 -3 258 967 300 1260
12395 -3 27 17677 28 4679
24473 -3 204 23869 236 25160
26524 -3 95 895 108 1146
481 -3 262 1166 304 953
19723 -3 28 471333 29 3041252
24593 -3 141 3349 162 29686
24633 -3 134 1611 154 25975
26056 -3 78 713 88 658
66637 -3 50 1693 55 2434393
26533 -4 100 725 112 1154
1940 -4 262 1349 303 837
21683 -4 71 40616 78 96437
13164 -4 49 2120 52 1837
75448 -4 38 6687 40 8808
21669 -4 123 23704 140 9491
21678 -4 130 30754 148 18490
19748 -4 36 1340417 37 9818586
29156 -4 79 1454 88 779
24319 -4 71 76336 78 1000625
768 -4 76 1503 84 1005
26046 -4 77 1812 85 890
24334 -5 50 2273 52 107841
3181 -5 249 2027 286 1539
1931 -5 267 1194 308 854
24891 -5 107 1447 119 678
3136 -5 42 2151 43 1225
36082 -5 45 1142 46 3727
74598 -5 41 24174 42 13234
43358 -5 43 5894 44 43671
75689 -5 45 3044 46 8389
1457 -5 265 1585 305 1025
36041 -5 39 4395565 40 13739426
24288 -5 102 284347 114 842369
21685 -5 335 7431 388 6788
12538 -5 41 50237 42 285234
9281 -5 238 10002 273 4501
1087 -5 268 2036 309 1322
19698 -5 45 125149 46 1405063
993 -5 267 3410 308 997
24522 -5 1653 7258 1938 19912
3183 -6 235 2831 269 4515
29142 -6 61 2754 64 2239
10398 -6 91 2995 100 694
10454 -6 87 6543 95 867
19739 -6 300 180558 345 113369
2321 -6 125 1347 140 1196
844 -7 262 1581 299 941
27316 -7 88 2189 95 726
570 -7 284 1972 325 723
9280 -7 262 9910 300 1952
24350 -7 94 291251 102 658598
19699 -7 188 1981572 212 1121550
24586 -7 151 984 169 2076
14711 -7 237 599 270 569
24339 -7 72 60561 76 972607
24602 -8 136 1880 150 29559
1920 -8 273 1588 311 1333
29141 -8 62 4222 63 2732
29150 -8 79 1158 83 893
9331 -8 360 2422 414 4590
41570 -8 1042 2704 1216 948
28568 -8 134 854 148 1051
24680 -8 143 2638 158 2899
24581 -9 135 2215 148 32583
26517 -9 95 816 101 830
1017 -9 269 872 305 1322
19682 -9 90 39101 95 202217
24574 -9 134 1962 146 40873
9303 -9 190 4769 212 6206
62972 -9 77 1699 79 5920
24511 -9 205 11667 230 32662
12248 -9 89 58179 93 44006
34489 -9 151 850 167 570
9298 -9 314 19572 358 2849
38458 -9 69 14999 70 44161
43556 -10 341 7165 389 10139
19729 -10 104 631965 110 1593047
27619 -10 129 898 139 804
24884 -10 1665 12298 1947 5550
19697 -10 86 1670949 89 832672
507 -10 264 1433 298 1296
24556 -10 133 1590 144 16755
1029 -10 265 1131 299 1674
1166 -10 264 1935 298 807
26047 -11 79 1455 80 686
26831 -11 79 672 80 963
27127 -11 96 956 99 877
1894 -11 107 2531 112 581
26821 -11 81 1347 82 894
27556 -11 210 3334 233 8809
27137 -11 95 623 98 794
19740 -11 617 53844 712 48042
1371 -11 257 2019 289 643
19720 -11 209 255992 232 49902
9335 -11 263 14313 296 2815
3432 -11 231 2594 258 6206
1462 -11 264 1483 297 560
319 -11 266 1591 300 807
24550 -11 136 2296 147 46798
12134 -11 90 81728 92 318646
43319 -11 85 732345 87 424580
27823 -11 291 595 329 582
27125 -12 95 1007 97 1091
284 -12 265 1712 297 747
46333 -12 3751 2288 4398 5904
1055 -12 266 1047 298 989
24629 -12 137 2564 147 39282
27151 -12 97 611 99 930
24475 -12 204 15083 225 25885
20389 -12 120 1577 126 1161
66670 -12 86 127153 87 295020
24519 -12 207 27755 229 26492
1161 -12 264 2828 296 1078
865 -12 269 1389 302 979
19719 -12 97 3295911 100 176759
1438 -12 271 1616 304 859
331 -12 269 1740 302 752
29144 -12 97 3233 100 1058
24546 -12 136 2970 145 37377
11043 -13 98 1354 100 589
27143 -13 98 705 100 1257
29159 -13 95 2651 96 1189
884 -13 264 1971 295 1189
1518 -13 271 1117 303 889
27154 -13 99 934 101 897
19760 -13 131 13934 138 29050
38235 -13 183 2458 200 666
12473 -14 182 3295 197 71390
9297 -14 375 3373 424 1075
3147 -14 258 1992 287 7091
24299 -14 100 269874 101 620932
43553 -14 660 2048 760 2531
477 -14 269 1118 300 1026
24577 -15 134 1553 139 49795
39005 -15 4000 870 4688 558
329 -15 269 1403 298 1104
13285 -15 121 2843 124 1084
466 -15 244 961 269 896
24671 -15 175 3893 188 1924
497 -15 260 1344 288 1449
24559 -15 134 2146 140 21830
27609 -16 138 1149 143 872
26979 -16 1990 740 2322 2874
24553 -16 141 6637 146 79477
12479 -16 117 4510 118 9461
9341 -16 356 11901 400 3982
24579 -16 136 2805 141 36479
837 -16 267 1575 295 843
1367 -17 263 3042 289 1029
24363 -17 1241 18802 1440 39086
79138 -17 310 12979 344 8020
24596 -17 141 3962 145 23893
29138 -17 121 1270 122 1342
28567 -17 135 996 138 1238
24294 -17 192 76416 205 164633
24731 -18 128 1969 129 72963
24775 -18 128 1867 129 69697
24778 -18 128 1683 129 72297
24606 -18 137 1459 139 46101
24704 -18 128 1487 129 81982
24604 -18 137 4021 139 25117
79410 -18 8897 2815 10445 17240
19722 -18 127 1612628 128 1176686
28398 -19 145 577 148 628
19738 -19 204 135954 217 31622
19702 -19 189 117568 199 537601
27625 -19 133 1135 134 979
27922 -19 138 1068 140 1024
29160 -19 135 3232 136 1674
24647 -19 137 2276 138 49795
1417 -19 273 1608 298 1309
9288 -19 229 9199 247 8453
27944 -19 135 566 136 919
24626 -19 138 3982 140 18302
27940 -19 137 859 138 796
69413 -19 136 3899 137 562
289 -19 265 1500 289 775
24474 -20 223 29245 238 75958
27925 -20 139 612 140 714
28404 -20 146 665 148 945
68928 -20 179 1252 186 683
28388 -20 145 855 147 683
28406 -20 147 832 149 687
13101 -20 142 2664 143 6498
1004 -20 270 1017 294 1111
24598 -20 140 3187 141 18279
24656 -20 144 1063 145 19835
9289 -21 210 8311 222 5055
9295 -21 251 9913 270 2793
26320 -21 149 876 150 2414
22328 -21 556 1786 629 662
28396 -21 147 1363 148 795
43450 -21 913 5766 1049 60630
28378 -21 146 1022 147 794
525 -21 266 897 288 1477
9275 -21 309 5719 338 1676
9266 -22 192 22806 199 6965
9286 -22 158 41442 160 4249
9304 -22 239 4314 255 772
3452 -22 269 1883 290 5794
84550 -22 693 3227 789 12080
511 -22 264 913 284 974
1037 -23 268 1040 288 1055
37897 -23 703 22606 800 88857
24608 -23 160 776 161 1924
1130 -23 260 4328 278 797
19728 -23 329 459633 359 169578
21680 -23 183 21884 188 14827
24569 -23 165 6515 166 20514
27777 -24 2655 1230 3095 12032
9332 -24 237 2521 250 4011
493 -24 263 945 281 1024
68690 -24 177 950 179 989
21681 -24 270 21022 289 14266
69342 -24 175 2062 177 761
9330 -25 280 3085 299 2034
1015 -25 257 1002 272 898
321 -25 269 1846 286 602
24914 -25 1300 814 1499 762
1625 -26 1980 602 2298 862
3145 -26 204 2626 209 823
1385 -26 269 1817 285 698
24476 -26 182 7152 183 24690
1948 -26 271 1915 288 1102
1939 -26 264 1379 279 1025
9285 -27 352 17291 382 30663
1532 -27 274 995 290 1726
24351 -27 2449 25892 2849 42698
2825 -27 1991 587 2310 982
1531 -27 265 1002 280 866
524 -28 266 2809 280 1409
29136 -28 198 2467 199 1364
1496 -28 274 999 289 1303
12138 -28 214 448908 218 204216
12371 -28 330 2267 355 2802
9272 -29 265 3411 277 2335
24531 -29 202 12537 203 21288
9311 -29 222 6213 227 1582
1495 -29 271 1028 284 746
68831 -29 207 709 209 560
19743 -29 230 75186 236 393040
2354 -29 1981 573 2296 855
3472 -30 208 2652 209 2303
28089 -30 1943 651 2250 1945
1179 -30 268 1706 279 1044
24276 -30 212 312256 213 259626
1491 -30 266 1137 277 983
1113 -30 268 3239 279 1358
1958 -31 259 1874 268 947
24523 -31 218 3321 219 20702
21262 -32 882 13209 999 25779
1433 -32 266 1098 275 1026
1187 -32 268 1724 277 886
9296 -32 304 36117 319 3614
1124 -32 268 1867 277 773
24517 -32 219 7388 220 19722
1521 -32 271 922 281 947
1933 -32 267 1340 276 1136
1508 -33 271 945 280 728
1024 -34 238 926 239 1070
24509 -34 237 25679 238 20901
9376 -34 264 8565 270 1919
1490 -34 266 1765 272 885
21668 -35 707 12163 790 558
1341 -35 266 1805 271 802
34841 -35 1990 907 2300 1961
1759 -35 282 1459 290 964
1505 -36 269 1022 273 935
1061 -36 263 1637 267 1075
1956 -36 269 1827 274 1089
28412 -36 1991 639 2300 1346
1280 -36 1970 562 2275 755
12453 -36 342 4900 359 18694
12267 -36 300 27373 310 6207
986 -37 266 1801 269 830
85016 -37 298 91446 307 19249
836 -38 260 2995 261 953
27140 -38 1981 599 2285 2777
1052 -38 268 1097 270 1229
12989 -38 835 13502 937 22655
79079 -39 277 5071 279 8269
74947 -39 382 4195 403 1110
9359 -39 271 16438 272 894
26352 -40 2582 1251 2990 4545
12547 -40 290 19991 294 25805
9339 -40 379 9990 398 13355
24518 -40 1628 4133 1868 2012
21664 -40 371 11589 389 2663
28389 -41 1970 565 2269 1213
33018 -41 1990 601 2292 908
27937 -42 1980 717 2279 7850
12144 -42 866 14958 969 22111
27903 -43 1992 788 2292 8573
47825 -43 1990 662 2290 1306
26128 -44 1914 667 2200 3124
26118 -44 1991 708 2290 1567
25715 -44 1991 916 2290 1247
84030 -45 2000 595 2299 1663
9370 -46 385 9332 398 3657
12810 -46 682 3869 748 909
47821 -46 1938 592 2225 1796
26125 -48 1982 612 2275 2359
27462 -49 2031 941 2331 1376
24298 -49 381 74348 390 41314
9301 -49 384 17127 393 13743
84726 -51 2015 576 2310 1331
34829 -51 1990 733 2281 1782
27471 -51 2039 1091 2338 1733
12474 -51 374 8723 380 32132
74090 -52 364 79320 366 123694
8918 -53 459 2145 477 1613
9299 -55 375 12596 376 3747
32998 -55 2001 633 2289 1055
19731 -55 536 116497 565 54998
28788 -55 1983 941 2268 1524
28710 -56 1932 800 2207 1301
21660 -56 383 8269 384 1964
26373 -57 2609 1125 3002 7900
19683 -58 584 42778 618 110493
12544 -58 504 104211 524 49957
9267 -60 1538 5651 1738 1459
44941 -61 433 359326 437 162818
12545 -61 825 20207 898 33802
15465 -61 4055 1107 4698 5775
26665 -62 2038 971 2324 2350
21656 -63 701 7732 750 1138
28101 -63 2126 730 2426 4639
26367 -65 2662 986 3055 5105
12546 -66 507 12274 518 34557
34877 -66 1958 580 2225 1865
27285 -68 2001 689 2273 2179
23174 -69 1924 567 2182 1254
27147 -69 1980 642 2248 2529
48884 -69 809 32556 870 46822
21667 -71 486 12475 488 1118
37178 -71 500 1663 504 1404
27305 -71 2004 753 2274 1548
68952 -72 680 21008 715 21124
72504 -73 1603 3101 1799 2110
27153 -73 1970 867 2231 1746
24370 -74 1923 13438 2175 15574
49429 -75 7270 2516 8464 1012
27309 -75 1993 673 2256 1154
19733 -78 686 42286 715 55729
45108 -79 1990 733 2248 661
24321 -81 810 4337 857 5679
21687 -81 671 11120 693 4295
24545 -82 4493 1632 5189 1317
19736 -87 1060 24266 1144 57782
12464 -89 2056 7604 2313 25385
27761 -90 2820 1221 3211 7944
84731 -96 646 30254 647 7494
27467 -98 2052 646 2298 1233
24283 -98 2053 77040 2299 41106
83380 -98 2071 1712 2321 1826
80681 -99 769 30161 788 25800
2096 -101 1970 606 2198 945
12534 -107 748 23217 754 16583
758 -113 1983 642 2199 961
47773 -113 2001 614 2221 1278
27293 -114 2004 811 2223 2003
49426 -120 877 10468 890 3805
27919 -120 1983 655 2191 10389
1295 -121 1970 566 2175 933
2104 -123 1980 572 2184 934
84766 -124 2036 981 2249 2387
28409 -127 1991 583 2192 1309
2675 -127 1981 961 2181 884
26122 -127 1990 946 2191 2331
27911 -128 1992 834 2192 7028
989 -128 1990 680 2190 971
28729 -128 2101 651 2321 1326
28797 -128 1991 583 2191 1196
25195 -128 1990 607 2190 1356
28553 -129 2271 784 2519 5172
12484 -129 3205 3066 3618 5291
45107 -130 1981 782 2177 943
27928 -131 1983 875 2178 5702
83754 -131 2001 2071 2199 2589
25940 -132 1993 678 2189 1807
999 -132 1981 557 2175 1066
2685 -134 1991 653 2184 720
24515 -137 1582 7783 1699 11261
12528 -137 1000 7439 1015 9799
27454 -137 2035 586 2232 1307
28237 -140 2056 644 2253 4314
28718 -143 2019 868 2207 1535
68636 -143 3223 17736 3623 8626
28791 -145 1993 819 2174 1112
79213 -145 976 12853 977 17612
24512 -146 1589 3920 1697 6640
28075 -146 2143 771 2349 3931
45089 -146 1970 568 2145 830
27470 -149 2029 627 2211 1778
27446 -150 2058 804 2244 1413
24510 -153 1595 1932 1696 10194
24532 -160 1617 726 1714 1417
24520 -160 1604 2149 1698 6240
26832 -162 1992 1018 2152 1029
24508 -167 1696 6930 1798 11877
74988 -168 1575 6018 1655 3270
19732 -172 1512 131056 1576 53463
28546 -173 2248 1030 2441 9241
82483 -178 2056 714 2209 2052
72436 -180 1633 5295 1709 4261
27460 -182 2041 614 2187 1534
38744 -182 4421 717 4987 1062
28723 -184 2111 1013 2267 1823
28545 -191 2146 886 2299 2937
24304 -194 1531 10600 1572 13835
19976 -200 8400 110297 9647 39126
28565 -202 2237 732 2393 5809
28558 -206 2245 580 2398 6665
28091 -208 2126 1003 2256 2773
28780 -212 1982 838 2082 951
24533 -215 1645 4177 1682 2318
24289 -216 2796 22562 3035 36933
24277 -222 1514 46833 1519 261758
83499 -224 2349 953 2500 3116
28703 -230 2101 565 2201 1724
28098 -230 2101 877 2201 2974
24827 -235 2360 665 2500 3902
24320 -241 3381 9303 3693 14246
28530 -251 2246 624 2346 6578
24358 -257 2809 23895 3002 42502
28726 -260 2121 927 2189 1502
24295 -260 3701 32907 4048 62578
1609 -270 2310 650 2399 1159
1151 -275 2308 581 2391 901
1606 -276 2300 603 2381 939
1591 -277 2305 577 2385 982
36053 -277 12602 801 14499 3762
26376 -281 2873 1141 3049 6114
1596 -282 2302 641 2376 883
1134 -283 2301 550 2373 729
1620 -285 2301 906 2371 940
1111 -287 2305 552 2373 981
1589 -291 2300 567 2363 817
45131 -293 2300 579 2361 871
75919 -301 2604 45325 2709 12850
68436 -301 16026 41058 18499 9950
73248 -305 2049 5808 2051 47376
1801 -312 2309 864 2349 686
1576 -312 2302 744 2341 826
25595 -343 3301 767 3480 3103
19721 -348 2328 149881 2329 1043322
46736 -357 44200 1845 51580 3120
24340 -360 5234 4021 5733 4798
24312 -369 2467 6111 2468 3282
47442 -378 4794 752 5195 894
46738 -381 50106 2697 58499 3409
24330 -388 3981 12081 4227 48225
24310 -392 5883 4128 6459 6210
24300 -417 2786 24924 2787 37275
68646 -594 13356 6293 15014 31638
24325 -675 6230 8630 6535 8063
83008 -697 5604 5566 5772 5386
74042 -880 19464 2318 21863 2360
24305 -968 8618 6580 8999 10267
76100 -1113 13906 640 15050 1090
28278 -1378 19733 725 21594 647
76179 -1431 69345 959 79898 860
12725 -1462 11832 1703 12199 1702
46741 -1649 43321 7773 49025 2581
68063 -2013 14495 6176 14684 20905
41576 -3613 39312 1062 41998 1045
46739 -4078 81768 2088 91399 1827
